FFT_200Hz,FFT_400Hz,FFT_600Hz,FFT_800Hz,FFT_1000Hz,FFT_1200Hz,FFT_1400Hz,FFT_1600Hz,FFT_1800Hz,FFT_2000Hz,Curvature,Timestamp,Curvature_Active,Position_cm
0.002061112,0.00197987,0.0024453504,0.0024250222,0.0017039265,0.0023442819,0.0026969558,0.002182983,0.0023472914,0.002193494,0.0,2025-05-05 14:11:47.626461,0,
0.0021702049,0.0020608369,0.0025721448,0.002525101,0.0017322791,0.002431962,0.002798746,0.002227246,0.002414984,0.002269034,0.0,2025-05-05 14:11:47.662394,0,
0.002130482,0.0020649934,0.002567113,0.002494439,0.0017365912,0.0024245086,0.0027967899,0.0022157005,0.0024125187,0.0022873748,0.0,2025-05-05 14:11:47.723771,0,
0.002216208,0.002042574,0.0025601245,0.002504709,0.0017373334,0.0024541374,0.002805468,0.0022347546,0.0023817625,0.0022926803,0.0,2025-05-05 14:11:47.766065,0,
0.0022426532,0.0020660379,0.002597227,0.0024882115,0.0017125442,0.0024561905,0.0027994497,0.0022649507,0.0023768481,0.0022994964,0.0,2025-05-05 14:11:47.807193,0,
0.0022345413,0.00205986,0.002638936,0.002500653,0.0017051671,0.0024478908,0.0028151164,0.002233817,0.002391879,0.0022915888,0.0,2025-05-05 14:11:47.849584,0,
0.0022491117,0.002058087,0.0026472963,0.0025291662,0.0017229036,0.002444562,0.0028308877,0.0022209918,0.0023856126,0.002302196,0.0,2025-05-05 14:11:47.891618,0,
0.0022865124,0.0020838815,0.002623437,0.0025176124,0.0017236887,0.002438915,0.0028457951,0.0022556644,0.002367652,0.002297611,0.0,2025-05-05 14:11:47.953640,0,
0.0023680264,0.002068946,0.002646678,0.002517398,0.0017377534,0.0024418829,0.0028514173,0.0022626428,0.002396612,0.0023127915,0.0,2025-05-05 14:11:47.994093,0,
0.0023646501,0.0020420218,0.0026446853,0.0025260437,0.0017389172,0.0024491968,0.0028292234,0.002290085,0.002383643,0.0023021589,0.0,2025-05-05 14:11:48.037044,0,
0.0023298496,0.0020265162,0.0026311823,0.0025012146,0.0017292192,0.0024579058,0.0028377487,0.0022903655,0.002382516,0.0022661036,0.0,2025-05-05 14:11:48.077148,0,
0.002353859,0.00205225,0.002633856,0.0024967242,0.0017462607,0.002476194,0.0028350397,0.0022435372,0.0023667624,0.0022762585,0.0,2025-05-05 14:11:48.120331,0,
0.0023228182,0.002046188,0.0025980521,0.0025061506,0.00172428,0.0024323263,0.0028293764,0.00225189,0.0023541958,0.0022626137,0.0,2025-05-05 14:11:48.162023,0,
0.0022826772,0.002010042,0.0026049756,0.002489725,0.0017326148,0.0024113464,0.0028169493,0.0022996038,0.0023649666,0.0022589432,0.0,2025-05-05 14:11:48.224450,0,
0.0022925069,0.002016233,0.0025853326,0.0024985196,0.0017160116,0.002399946,0.0028141583,0.0022725307,0.0023606804,0.002229402,0.0,2025-05-05 14:11:48.264544,0,
0.002181962,0.0019636075,0.0025615375,0.002493212,0.0017289426,0.0023865849,0.0028084423,0.0022355681,0.0023558831,0.002229326,0.0,2025-05-05 14:11:48.307951,0,
0.0022030482,0.0019390924,0.002565554,0.002475083,0.0017334687,0.0023697447,0.0027926785,0.0022433414,0.0023390409,0.0022376329,0.0,2025-05-05 14:11:48.349452,0,
0.0022301516,0.0019553592,0.0025700608,0.0024802124,0.0017225129,0.0024060744,0.0027779446,0.0022310547,0.0023119717,0.0022249857,0.0,2025-05-05 14:11:48.391185,0,
0.0022730166,0.0020009086,0.002577265,0.0024902655,0.0017051462,0.002433947,0.002763419,0.002227744,0.0023113217,0.00219695,0.0,2025-05-05 14:11:48.453819,0,
0.0021914504,0.002086581,0.002646898,0.0024853074,0.0017137089,0.0024322371,0.002795027,0.0022413651,0.0022911238,0.0022224109,0.0,2025-05-05 14:11:48.494722,0,
0.002294096,0.002082209,0.002709107,0.0025315136,0.0016825964,0.0024283815,0.0028203498,0.0022307234,0.002270922,0.0022385775,0.0,2025-05-05 14:11:48.537425,0,
0.0022453521,0.002096382,0.002701011,0.0025222057,0.0016902284,0.0024154028,0.002815837,0.0022172683,0.0022871736,0.0022143319,0.0,2025-05-05 14:11:48.578790,0,
0.0022042745,0.0020946057,0.002690995,0.0025484946,0.0016510314,0.0024205125,0.0028259263,0.002245994,0.0022921893,0.0022245192,0.0,2025-05-05 14:11:48.618816,0,
0.002228561,0.0020643272,0.0026618852,0.002552424,0.0016570968,0.002448875,0.0028384386,0.0022568088,0.002279891,0.002202659,0.0,2025-05-05 14:11:48.662070,0,
0.0022209038,0.0020441955,0.0026678964,0.0025212883,0.0016900342,0.0024640819,0.0028354812,0.002245402,0.00229703,0.0022219827,0.0,2025-05-05 14:11:48.723290,0,
0.0022942673,0.0020063475,0.0026771703,0.0025075825,0.0017240917,0.002489594,0.0028415592,0.0022352175,0.002309736,0.0022299485,0.0,2025-05-05 14:11:48.764745,0,
0.0023104055,0.0019615868,0.0026556647,0.0025357278,0.0017487168,0.0024905894,0.0028340088,0.002246264,0.0023150789,0.0022335115,0.0,2025-05-05 14:11:48.806687,0,
0.0024152414,0.00195879,0.002650982,0.0025416482,0.0017723471,0.00247487,0.0028255591,0.0022456853,0.0023385612,0.002255296,0.0,2025-05-05 14:11:48.848711,0,
0.0024171018,0.0019532351,0.0026258575,0.0025671227,0.0017704961,0.0024696458,0.0028495733,0.0022628643,0.0023583067,0.002291988,0.0,2025-05-05 14:11:48.891318,0,
0.0023491802,0.002055196,0.002617645,0.0025754187,0.0017548425,0.0024705243,0.0028150529,0.0022567958,0.002348361,0.0022906999,0.0,2025-05-05 14:11:48.932084,0,
0.0024058109,0.0020563512,0.0025917734,0.0025546264,0.0017261318,0.0024705378,0.0027982208,0.002291009,0.0023268985,0.002286,0.0,2025-05-05 14:11:48.994640,0,
0.0024155017,0.0020932064,0.0025665034,0.0025559687,0.0017135385,0.0024548054,0.0027997522,0.0022927315,0.0023141184,0.0022990943,0.0,2025-05-05 14:11:49.035873,0,
0.002350978,0.0020937934,0.002584638,0.002534151,0.0016895657,0.0024205977,0.0027881446,0.0022609765,0.0023091838,0.0023113268,0.0,2025-05-05 14:11:49.077296,0,
0.0023085764,0.0021439036,0.002623531,0.0025524122,0.0016919058,0.002430386,0.0028013757,0.0022450816,0.0023002552,0.002333887,0.0,2025-05-05 14:11:49.120725,0,
0.002326975,0.0021255915,0.0026041416,0.002584131,0.0017293612,0.0024446484,0.0028097406,0.0022104708,0.0023163587,0.0023411608,0.0,2025-05-05 14:11:49.161310,0,
0.002288479,0.0021058721,0.0026084383,0.0025927178,0.001745027,0.0024636919,0.002787527,0.0021982158,0.0022800635,0.0023084707,0.0,2025-05-05 14:11:49.224563,0,
0.0023139718,0.0021104384,0.002592071,0.0025897603,0.0017568399,0.0024717336,0.0027919596,0.0021643536,0.0022941492,0.002313066,0.0,2025-05-05 14:11:49.265979,0,
0.002388591,0.0021134263,0.0026102315,0.0026111214,0.0017821975,0.0024629575,0.002790774,0.0022188681,0.0023430274,0.0023107475,0.0,2025-05-05 14:11:49.306606,0,
0.0024062782,0.0021134827,0.0026200209,0.0025800304,0.001771838,0.0024549812,0.0027756044,0.0022683982,0.0023521006,0.002303347,0.0,2025-05-05 14:11:49.348138,0,
0.002422891,0.0020973957,0.0026156092,0.0025855252,0.0017483181,0.0024328453,0.0028031995,0.0022392536,0.0023766563,0.0023121203,0.0,2025-05-05 14:11:49.389401,0,
0.0024554234,0.0020509877,0.002595158,0.0025870062,0.0017444734,0.0024197318,0.0028007939,0.0023052907,0.0023811369,0.0023118833,0.0,2025-05-05 14:11:49.431209,0,
0.002442804,0.002026535,0.0026158988,0.0025749926,0.0017422447,0.0024247463,0.002816792,0.0023662231,0.002401979,0.0023159774,0.0,2025-05-05 14:11:49.494707,0,
0.0024590641,0.0019834768,0.0026010105,0.0025858583,0.0017422994,0.0024076172,0.0028286383,0.0023215848,0.002393013,0.0023011842,0.0,2025-05-05 14:11:49.537115,0,
0.0024125297,0.001997422,0.002596874,0.0025690123,0.0017416984,0.0023733506,0.0028137912,0.0022961115,0.002383984,0.0022942137,0.0,2025-05-05 14:11:49.577168,0,
0.0023321023,0.0019824628,0.0025802585,0.0025462022,0.0017409518,0.0023382432,0.0028063296,0.002278197,0.0024158997,0.0022979623,0.0,2025-05-05 14:11:49.620335,0,
0.002298012,0.0019612485,0.0025811908,0.0025514439,0.0017433775,0.0023328105,0.0028239535,0.00228305,0.002422492,0.0023300669,0.0,2025-05-05 14:11:49.661889,0,
0.0022270966,0.0019449933,0.0025901229,0.002567451,0.0017345704,0.0023293577,0.0028215696,0.0022664582,0.0024194685,0.002347459,0.0,2025-05-05 14:11:49.702714,0,
0.0022860793,0.001988229,0.0026022913,0.0025856062,0.0017343917,0.0023777904,0.0028519453,0.0022790707,0.0023828738,0.0023528456,0.0,2025-05-05 14:11:49.766053,0,
0.002253908,0.0019968161,0.0026116539,0.0025681895,0.0017064566,0.002426331,0.0028818105,0.002301937,0.0023490947,0.0023584708,0.0,2025-05-05 14:11:49.807734,0,
0.0023100686,0.0020070192,0.00264113,0.0026010568,0.0017063229,0.0024568709,0.002879451,0.0022751978,0.0023132064,0.0023452437,0.0,2025-05-05 14:11:49.849357,0,
0.0023466677,0.0020068695,0.0026567804,0.0025932824,0.0017105874,0.002488387,0.0028609277,0.0022576228,0.002295529,0.0023683866,0.0,2025-05-05 14:11:49.891069,0,
0.0023674995,0.0020034197,0.0026706278,0.002585031,0.0017186505,0.0025044002,0.002831585,0.0022793605,0.002307348,0.0023622694,0.0,2025-05-05 14:11:49.932804,0,
0.0024501048,0.0020332832,0.0027029759,0.0025929562,0.0017456682,0.0025004384,0.0028257142,0.0022338962,0.0023034294,0.0023569856,0.0,2025-05-05 14:11:49.995304,0,
0.0025299701,0.002053527,0.002717442,0.0026116269,0.0017447481,0.002502378,0.0028202464,0.002230395,0.0023412916,0.0023325009,0.0,2025-05-05 14:11:50.037371,0,
0.0024675392,0.002075759,0.002702811,0.0026441,0.0017505117,0.0025034468,0.0028274416,0.0022213801,0.0023349742,0.0023153622,0.0,2025-05-05 14:11:50.077873,0,
0.0024735439,0.0020834187,0.0026847452,0.0026188865,0.0017696698,0.0025079825,0.002809934,0.002185033,0.0023528647,0.0023225336,0.0,2025-05-05 14:11:50.119003,0,
0.0025135109,0.002109854,0.0027053645,0.0026277483,0.0017676515,0.0024767963,0.0028159705,0.0021664854,0.0023811287,0.0022941027,0.0,2025-05-05 14:11:50.161916,0,
0.00255457,0.0021280395,0.0027017181,0.0026153738,0.0017692402,0.0024531537,0.0028019377,0.0021682305,0.002385658,0.002281988,0.0,2025-05-05 14:11:50.203585,0,
0.0025704924,0.0020866897,0.0027186421,0.0026318764,0.0017633272,0.0024084959,0.0027876636,0.0021568371,0.0023383244,0.0022929485,0.0,2025-05-05 14:11:50.266102,0,
0.0025893291,0.0020586029,0.002682699,0.0026128222,0.0017514017,0.0024135013,0.0027827562,0.0021433856,0.002317498,0.0023028632,0.0,2025-05-05 14:11:50.307723,0,
0.0025561606,0.0020310609,0.0026470262,0.0026002876,0.0017388543,0.0024236972,0.0027844743,0.0021537335,0.002306696,0.0022952373,0.0,2025-05-05 14:11:50.349206,0,
0.002522755,0.002019359,0.0026277772,0.0026001146,0.0017446179,0.002430789,0.0028081904,0.0021838527,0.0023034122,0.002291834,0.0,2025-05-05 14:11:50.389543,0,
0.002485569,0.0019951672,0.0026165433,0.0025767358,0.0017570284,0.0024512007,0.0028207833,0.0022358503,0.0022845494,0.0023281663,0.0,2025-05-05 14:11:50.432528,0,
0.0025549207,0.0019527656,0.0026339933,0.0025989711,0.0017560468,0.0024771863,0.0028367296,0.0022048615,0.002298857,0.0023451517,0.0,2025-05-05 14:11:50.474506,0,
0.0026296799,0.0019516387,0.002625342,0.002554549,0.0017495009,0.0024503004,0.0028540757,0.0022071726,0.002311966,0.002342325,0.0,2025-05-05 14:11:50.536981,0,
0.0025560693,0.001924373,0.0026146881,0.0025405001,0.0017562532,0.002459909,0.002850423,0.0022100278,0.0023347742,0.0023193893,0.0,2025-05-05 14:11:50.578622,0,
0.0025156774,0.001980296,0.002587955,0.002499156,0.0017554588,0.002476523,0.0028472766,0.0022204674,0.0023538438,0.002320298,0.0,2025-05-05 14:11:50.619110,0,
0.0025249165,0.0020096116,0.0026018664,0.0025269405,0.0017442192,0.0024621405,0.002843013,0.002206807,0.002371893,0.0023159825,0.0,2025-05-05 14:11:50.661949,0,
0.0025094084,0.00202688,0.002594519,0.0025172515,0.0017487783,0.0024994307,0.0028507556,0.0021961494,0.0023754344,0.002308307,0.0,2025-05-05 14:11:50.702884,0,
0.0024568636,0.0020072695,0.002604536,0.0025275177,0.0017440106,0.0024939112,0.0028539475,0.0021810594,0.002378919,0.002306125,0.0,2025-05-05 14:11:50.764921,0,
0.0024083173,0.0020274138,0.002647581,0.0025102317,0.0017417034,0.0024719648,0.0028598339,0.0022078839,0.0024094344,0.0022846623,0.0,2025-05-05 14:11:50.808014,0,
0.002326394,0.002033652,0.0026429626,0.0025117304,0.0017348765,0.002458326,0.0028516802,0.0021889068,0.0023762472,0.0022955013,0.0,2025-05-05 14:11:50.849606,0,
0.0022801603,0.0019809944,0.0026681384,0.0025188948,0.0017085267,0.0024557242,0.0028316274,0.0022391418,0.0023562424,0.0022624414,0.0,2025-05-05 14:11:50.889984,0,
0.0022175875,0.0019691065,0.0026608892,0.0025226132,0.0017201378,0.002432941,0.0028038449,0.002204812,0.0023451936,0.002251928,0.0,2025-05-05 14:11:50.933001,0,
0.0022150383,0.0019781129,0.0026329958,0.0025426068,0.0017309393,0.0023973035,0.0027935249,0.0021678952,0.0023294028,0.002240609,0.0,2025-05-05 14:11:50.973351,0,
0.0021942416,0.00195953,0.0026358594,0.0025709942,0.0017287438,0.002404924,0.002796257,0.0021962803,0.0023283,0.002266524,0.0,2025-05-05 14:11:51.037241,0,
0.0021797493,0.0020097303,0.0026708262,0.002598577,0.0017444374,0.0024360642,0.0028222736,0.0022197391,0.002314175,0.002285942,0.0,2025-05-05 14:11:51.077149,0,
0.002252231,0.001992135,0.002675635,0.0026079572,0.0017339961,0.0024343065,0.002855679,0.002187208,0.0023193564,0.002293839,0.0,2025-05-05 14:11:51.120431,0,
0.0023124053,0.0020072728,0.002687327,0.0026082895,0.0017343172,0.002429636,0.0028480613,0.0021877657,0.0023333554,0.0023019582,0.0,2025-05-05 14:11:51.162104,0,
0.0023208086,0.0019857,0.002694237,0.0025872944,0.0017093238,0.0024259575,0.0028561822,0.002196931,0.0023458966,0.0023027177,0.0,2025-05-05 14:11:51.203759,0,
0.002356455,0.002019213,0.002687628,0.0025957278,0.0017052469,0.0024220303,0.002853709,0.0022492767,0.002351561,0.002308034,0.0,2025-05-05 14:11:51.244998,0,
0.0022931586,0.0019706516,0.002696059,0.0025705227,0.0016891257,0.0024479742,0.002853089,0.00227816,0.0023587937,0.002293612,0.0,2025-05-05 14:11:51.307994,0,
0.00231609,0.0019795198,0.0026896007,0.0025629795,0.0016683304,0.00245931,0.0028465085,0.0022958864,0.0023198123,0.0022816518,0.0,2025-05-05 14:11:51.349534,0,
0.002275116,0.0020032406,0.002719186,0.0025370952,0.0016807574,0.0024548913,0.0028605263,0.0022671912,0.0023006431,0.0023238396,0.0,2025-05-05 14:11:51.391067,0,
0.002177634,0.0020077021,0.002736387,0.00249892,0.0017275636,0.0024810527,0.0028638255,0.0022236782,0.0023342853,0.002333392,0.0,2025-05-05 14:11:51.432743,0,
0.0021538036,0.002012091,0.0027425794,0.0024769327,0.0017180743,0.002485152,0.0028604427,0.002198529,0.0023531385,0.0023341312,0.0,2025-05-05 14:11:51.474498,0,
0.0020775169,0.0020185781,0.0027215213,0.0024719315,0.0017439695,0.002509257,0.0028415478,0.002234522,0.002334327,0.0023082972,0.0,2025-05-05 14:11:51.537141,0,
0.0022207666,0.0019955477,0.0027122523,0.0024594944,0.0017546586,0.0025061348,0.0028181614,0.0021807153,0.002335831,0.0023136293,0.0,2025-05-05 14:11:51.578648,0,
0.0022789268,0.0020082744,0.0026929742,0.0024494864,0.0017627585,0.0025332645,0.0028317876,0.0021725306,0.002278505,0.002294806,0.0,2025-05-05 14:11:51.620449,0,
0.002305085,0.002013891,0.0026742835,0.002444074,0.001743853,0.0025301622,0.002829534,0.0021560767,0.0022769638,0.0023013907,0.0,2025-05-05 14:11:51.662002,0,
0.0022322603,0.0020389508,0.002688617,0.0024412193,0.0017443235,0.0025251696,0.0028414568,0.0021826494,0.0022524493,0.0022955155,0.0,2025-05-05 14:11:51.702807,0,
0.0022391772,0.0020229316,0.002683913,0.002516888,0.0017288688,0.0025025625,0.0028525207,0.0021849438,0.0022577352,0.0023062257,0.0,2025-05-05 14:11:51.745443,0,
0.0022703728,0.0020717364,0.0026663495,0.0025656763,0.0017125375,0.0024753124,0.002856227,0.0021813223,0.002234537,0.0023266482,0.0,2025-05-05 14:11:51.807825,0,
0.0022570358,0.002086882,0.0026495312,0.0025625816,0.0017134309,0.0024661666,0.0028710826,0.0021774224,0.0022389085,0.002305401,0.0,2025-05-05 14:11:51.849400,0,
0.0022479955,0.0021073823,0.0026528742,0.0025479267,0.0017469021,0.0024504294,0.0028699152,0.002149661,0.0022276687,0.002297028,0.0,2025-05-05 14:11:51.891054,0,
0.002223417,0.0021016872,0.0026789699,0.0025771759,0.0017055542,0.002417744,0.0028676603,0.0021506203,0.0022369942,0.002292615,0.0,2025-05-05 14:11:51.932813,0,
0.0021870458,0.0020991138,0.002663266,0.0025580379,0.0017084402,0.0024073098,0.0028626125,0.0022039637,0.0022520197,0.0022993204,0.0,2025-05-05 14:11:51.974458,0,
0.002192791,0.0020564077,0.002641926,0.0025777067,0.001727193,0.0023965489,0.0028590758,0.0022134916,0.0022855394,0.0022962624,0.0,2025-05-05 14:11:52.016422,0,
0.002244203,0.0020612066,0.002655303,0.0025808667,0.0017391706,0.002423576,0.002833868,0.0022003374,0.0022950156,0.002292311,0.0,2025-05-05 14:11:52.077965,0,
0.0022531536,0.002033453,0.0026684054,0.0025922111,0.0017336905,0.002404812,0.0028280483,0.0021656088,0.002342433,0.0022810774,0.0,2025-05-05 14:11:52.120283,0,
0.0022540225,0.0020423557,0.0026647828,0.0025900118,0.0017369923,0.0024166845,0.0028324516,0.0022061085,0.0023463282,0.0022976492,0.0,2025-05-05 14:11:52.160617,0,
0.0023037924,0.001999795,0.0026407763,0.002583984,0.0017280538,0.0023867034,0.0028282544,0.0022298926,0.0023562922,0.0022889199,0.0,2025-05-05 14:11:52.202127,0,
0.0024022511,0.0020140957,0.0026429158,0.0025813226,0.0017224363,0.0023979733,0.0028260942,0.0022203508,0.0023587705,0.0022979456,0.0,2025-05-05 14:11:52.245364,0,
0.0024417401,0.0020051873,0.002633697,0.0025517202,0.001702036,0.0023942592,0.0028102144,0.002201978,0.0023550482,0.0023010264,0.0,2025-05-05 14:11:52.307838,0,
0.0023713454,0.0020572583,0.0026506167,0.002543048,0.0017279992,0.0024175148,0.0028209921,0.0022380406,0.002333567,0.0023184675,0.0,2025-05-05 14:11:52.349423,0,
0.0023948052,0.002037643,0.0026617406,0.0025615334,0.0017417946,0.0023976206,0.0028392037,0.0022672904,0.0023345863,0.0023404935,0.0,2025-05-05 14:11:52.391062,0,
0.0023339523,0.0020938795,0.0026590677,0.0025632463,0.0017103716,0.002376382,0.0028572618,0.0022359726,0.0022986587,0.002317731,0.0,2025-05-05 14:11:52.432937,0,
0.0023361424,0.0020976579,0.0026976413,0.0025578707,0.0017193195,0.00238373,0.002862803,0.002211228,0.002308898,0.0023134812,0.0,2025-05-05 14:11:52.474557,0,
0.0023743822,0.0021067932,0.0026886736,0.0025625876,0.0017484957,0.002387083,0.002875989,0.0021929028,0.002323173,0.0023193923,0.0,2025-05-05 14:11:52.516319,0,
0.0023437543,0.0020979827,0.0026698571,0.0025757744,0.0017388143,0.0024077604,0.0028819388,0.0021668002,0.0023167713,0.002326962,0.0,2025-05-05 14:11:52.578621,0,
0.0022690934,0.0020846857,0.002683979,0.0025386624,0.00176171,0.002408356,0.002857634,0.0021465025,0.00231426,0.0023181357,0.0,2025-05-05 14:11:52.619615,0,
0.0022540903,0.0020210552,0.0026714802,0.0025078126,0.0017725456,0.002415674,0.0028573377,0.0021753672,0.002324531,0.0023231397,0.0,2025-05-05 14:11:52.662155,0,
0.0022150734,0.0019791885,0.0026743715,0.002478658,0.0017674644,0.0024277058,0.0028467055,0.0022077744,0.0023515765,0.002310537,0.0,2025-05-05 14:11:52.703267,0,
0.0022910938,0.0019119174,0.0026631742,0.0024900201,0.0017312452,0.0024439215,0.0028420964,0.002202209,0.002361743,0.0023102714,0.0,2025-05-05 14:11:52.744912,0,
0.0022693186,0.0019168367,0.0026606892,0.0024797234,0.0017103477,0.002446808,0.0028362179,0.0022509256,0.0023698506,0.0023045742,0.0,2025-05-05 14:11:52.786335,0,
0.0023081836,0.0018803251,0.002643471,0.0024441252,0.0017246238,0.0024617119,0.0028149986,0.002308107,0.0023523965,0.00228584,0.0,2025-05-05 14:11:52.849499,0,
0.0023643489,0.0019279243,0.002629659,0.002427817,0.0016803993,0.002447147,0.0028027399,0.0022846628,0.0023655687,0.002299287,0.0,2025-05-05 14:11:52.891196,0,
0.0023866193,0.0019827639,0.0026232675,0.0024297533,0.0016575438,0.0024446964,0.0028051713,0.0022983032,0.0023745934,0.0023021214,0.0,2025-05-05 14:11:52.932882,0,
0.0024208415,0.0020241477,0.0026428902,0.002431658,0.001699364,0.002440883,0.0027890373,0.0023103666,0.0023726977,0.0022987088,0.0,2025-05-05 14:11:52.973732,0,
0.0024287845,0.0020415946,0.0026624282,0.0024719574,0.001685773,0.002456964,0.002799789,0.0023225448,0.0024046048,0.002311534,0.0,2025-05-05 14:11:53.015446,0,
0.0023865246,0.0020615761,0.0026652424,0.002517353,0.001696065,0.0024752219,0.0028188117,0.0022676946,0.0024056477,0.0023118674,0.0,2025-05-05 14:11:53.077845,0,
0.0024315356,0.0020640262,0.0026712348,0.002519529,0.0016958372,0.00243814,0.002825074,0.0022088445,0.0024007275,0.0023243064,0.0,2025-05-05 14:11:53.118645,0,
0.0023764786,0.0020366888,0.0026614782,0.002561764,0.0017088997,0.0024286436,0.0028305398,0.002186344,0.00237236,0.0023185061,0.0,2025-05-05 14:11:53.160338,0,
0.00236593,0.0020044134,0.002677196,0.0025485023,0.0017023799,0.002434085,0.0028148238,0.0021916528,0.0023516973,0.002336652,0.0,2025-05-05 14:11:53.202278,0,
0.0024127003,0.0020196661,0.0026601464,0.0025801258,0.0016859019,0.0024264248,0.0028044877,0.002222877,0.0023405054,0.0023414951,0.0,2025-05-05 14:11:53.245344,0,
0.0023812447,0.0019674373,0.0026395796,0.0025734976,0.0017078775,0.0024429946,0.002809021,0.0022365972,0.002349209,0.0023623463,0.0,2025-05-05 14:11:53.286596,0,
0.002379551,0.001928813,0.0026242184,0.0025581555,0.0017186457,0.0024484252,0.00282868,0.0022444436,0.0023625265,0.0023751678,0.0,2025-05-05 14:11:53.349552,0,
0.0024258157,0.0019626706,0.0026322051,0.002562702,0.001715012,0.002452156,0.0028257282,0.0022019728,0.002319729,0.0023676134,0.0,2025-05-05 14:11:53.390469,0,
0.0023878142,0.0019296093,0.0026066666,0.002544809,0.0017495555,0.0024508114,0.0028202725,0.0022710094,0.0023162276,0.002382674,0.0,2025-05-05 14:11:53.432900,0,
0.0024192035,0.0019202213,0.0026025046,0.002502113,0.0017679898,0.0024472484,0.002788648,0.0022832283,0.002340724,0.0023629381,0.0,2025-05-05 14:11:53.474436,0,
0.0023814233,0.0018635273,0.002582547,0.0024753448,0.0017826508,0.0024330472,0.0027665638,0.0022734497,0.0023299865,0.002363234,0.0,2025-05-05 14:11:53.515378,0,
0.0023334424,0.0018917086,0.0025840027,0.0024696654,0.0017722008,0.002434948,0.0027595458,0.0022704909,0.0023348203,0.0023569162,0.0,2025-05-05 14:11:53.556263,0,
0.0022999994,0.0019159856,0.0025788846,0.0024714111,0.0017535466,0.002422346,0.002773998,0.0022703416,0.002332904,0.0023554792,0.0,2025-05-05 14:11:53.618840,0,
0.0022854127,0.001965447,0.002602413,0.0024637522,0.0017608171,0.002421968,0.0028081206,0.0022885795,0.002335427,0.002353106,0.0,2025-05-05 14:11:53.662019,0,
0.0022190558,0.0020097296,0.0026190164,0.0025184127,0.0017477857,0.0024319312,0.0028291284,0.002264436,0.0023586415,0.00234592,0.0,2025-05-05 14:11:53.703773,0,
0.002142969,0.0020399857,0.0026320715,0.002528607,0.0017502368,0.002443974,0.0028379161,0.002241714,0.0023585118,0.0023493527,0.0,2025-05-05 14:11:53.745394,0,
0.0021214206,0.002071528,0.0026390515,0.002526641,0.0017323672,0.002438563,0.0028243698,0.0022329036,0.0023424234,0.0023482267,0.0,2025-05-05 14:11:53.786840,0,
0.0021980647,0.0021532082,0.0026191943,0.0025546942,0.0017271977,0.0024456657,0.0028208233,0.0022031022,0.0023536591,0.002355735,0.0,2025-05-05 14:11:53.849407,0,
0.0022374263,0.0021825382,0.0026287143,0.0025739374,0.0017134188,0.0024436316,0.0028297964,0.002169211,0.0023570103,0.0023448225,0.0,2025-05-05 14:11:53.891283,0,
0.0022309024,0.0022011355,0.002639634,0.0026041963,0.0017109598,0.0024546594,0.0028469076,0.0021645834,0.0024006532,0.0023287616,0.0,2025-05-05 14:11:53.933009,0,
0.002265878,0.0021578649,0.00265809,0.0025981627,0.0017041427,0.0024700381,0.0028606928,0.0021563265,0.0023811036,0.0023301472,0.0,2025-05-05 14:11:53.974478,0,
0.0022586624,0.0021467307,0.002668504,0.0025716275,0.0016945698,0.002471359,0.0028797328,0.0021421462,0.0023650494,0.0023109952,0.0,2025-05-05 14:11:54.015612,0,
0.0023111708,0.002142035,0.0026859217,0.0025388594,0.0016684151,0.0024740812,0.0028799302,0.0021584616,0.0023482912,0.0023275306,0.0,2025-05-05 14:11:54.057930,0,
0.002336941,0.0021062554,0.0027096884,0.0025575259,0.001695437,0.0024873388,0.0028583484,0.0022056273,0.0023487827,0.0022887446,0.0,2025-05-05 14:11:54.119155,0,
0.0023591795,0.0020646723,0.0026848875,0.0025517943,0.0016924762,0.0024366458,0.002835292,0.002205776,0.0023753825,0.002303274,0.0,2025-05-05 14:11:54.161687,0,
0.0023047903,0.0020332062,0.002694417,0.002560191,0.0016990808,0.002428097,0.0028352514,0.002221545,0.002369712,0.0022897178,0.0,2025-05-05 14:11:54.203778,0,
0.002213481,0.0020138072,0.002720448,0.0025822024,0.0017124,0.0024559896,0.002842675,0.0022283273,0.00237503,0.0022799263,0.0,2025-05-05 14:11:54.245409,0,
0.0022035032,0.0020572254,0.0027414376,0.0025844343,0.001713405,0.0024774668,0.0028641182,0.0022409928,0.002368118,0.0022889622,0.0,2025-05-05 14:11:54.286314,0,
0.0022329802,0.0020283267,0.0027468612,0.0026217771,0.0017083569,0.0024942548,0.0028839395,0.0021880842,0.002371938,0.0023004091,0.0,2025-05-05 14:11:54.328622,0,
0.002252225,0.0019905802,0.0027160675,0.002616739,0.0017036779,0.0024886674,0.002864802,0.0022006095,0.0024319072,0.002327926,0.0,2025-05-05 14:11:54.391142,0,
0.0022229052,0.0019650706,0.0027242375,0.0025695094,0.0016819962,0.002463238,0.0028501828,0.002226794,0.0024099736,0.0023141168,0.0,2025-05-05 14:11:54.431679,0,
0.002246173,0.0019426729,0.0027135897,0.0025832125,0.0016765934,0.0024584057,0.0028357178,0.002231548,0.002375081,0.0023206896,0.0,2025-05-05 14:11:54.474672,0,
0.0022720317,0.0018979494,0.0027202528,0.0025890553,0.0017023728,0.0024208592,0.0028288646,0.0022274656,0.0023394397,0.0022914377,0.0,2025-05-05 14:11:54.516288,0,
0.0023205103,0.0018996191,0.0026844016,0.0026022794,0.0017400126,0.002409707,0.0028255985,0.0022443212,0.0023369803,0.0023230028,0.0,2025-05-05 14:11:54.557807,0,
0.0023666343,0.0019256208,0.002678943,0.002560157,0.0017619904,0.0024123336,0.0028207412,0.0022928866,0.0023199539,0.0022868419,0.0,2025-05-05 14:11:54.619639,0,
0.002398999,0.0019284951,0.0026873222,0.0025697262,0.0017678497,0.0024122128,0.0028137364,0.0022645448,0.0023282678,0.0022882093,0.0,2025-05-05 14:11:54.662042,0,
0.0023311968,0.0019479218,0.0026558402,0.0025602744,0.0017794281,0.0024274203,0.0027938788,0.0022453903,0.0023632322,0.0022905397,0.0,2025-05-05 14:11:54.703477,0,
0.0023360902,0.002016723,0.0026220132,0.002552838,0.0017533955,0.0024292164,0.0027884827,0.002268158,0.0023780733,0.0022949479,0.0,2025-05-05 14:11:54.745385,0,
0.0023400446,0.001993403,0.002583467,0.0025610274,0.001717962,0.0024161239,0.0027643342,0.0022226423,0.0023808165,0.0022605634,0.0,2025-05-05 14:11:54.786822,0,
0.0022903287,0.0019521004,0.002587124,0.0025568418,0.0017156827,0.0024428184,0.0027724227,0.0022147417,0.0024061012,0.0022498975,0.0,2025-05-05 14:11:54.828588,0,
0.0022505082,0.0019680762,0.0025899345,0.0025755689,0.0017017985,0.002467282,0.0027750626,0.00220717,0.0024144563,0.0022562717,0.0,2025-05-05 14:11:54.890565,0,
0.0022922694,0.0019883018,0.0025755628,0.0025861685,0.0016804293,0.002473271,0.0027985976,0.002230142,0.0024261873,0.0022695214,0.0,2025-05-05 14:11:54.931703,0,
0.002355228,0.0019872831,0.0025871666,0.0026378096,0.0016761371,0.0025050442,0.0028110396,0.002276542,0.0024215898,0.0022892968,0.0,2025-05-05 14:11:54.974526,0,
0.0024369352,0.0020048253,0.0025901874,0.0026256668,0.0016903714,0.0025115102,0.0028229586,0.0022688368,0.0023879674,0.0022628086,0.0,2025-05-05 14:11:55.016283,0,
0.0024428144,0.00202189,0.0026048257,0.0026028021,0.0017017251,0.0024963631,0.0028416964,0.0023069843,0.0023440835,0.0022777494,0.0,2025-05-05 14:11:55.056698,0,
0.0024555144,0.002042467,0.0026095686,0.0026225408,0.0017214773,0.0024760996,0.002841164,0.0022819473,0.0023404935,0.00226398,0.0,2025-05-05 14:11:55.119486,0,
0.0023846638,0.0020422277,0.00261904,0.0026062904,0.0017243458,0.002484128,0.0028414933,0.002287048,0.002316084,0.0022569266,0.0,2025-05-05 14:11:55.160936,0,
0.0023517015,0.0021339315,0.0026442604,0.0026081544,0.0017279056,0.002483654,0.002812206,0.0023176395,0.002325118,0.0022554714,0.0,2025-05-05 14:11:55.203461,0,
0.002311972,0.0021615708,0.002650958,0.0026074634,0.0017322069,0.0024812217,0.0028192897,0.0022870316,0.0023217215,0.002271412,0.0,2025-05-05 14:11:55.245312,0,
0.0022664098,0.0021031452,0.0026637493,0.0026225273,0.0017560965,0.00247227,0.0028166617,0.0022369812,0.0023149827,0.0022589075,0.0,2025-05-05 14:11:55.287122,0,
0.0021951827,0.002104513,0.002630034,0.0026200204,0.001784424,0.0024882744,0.0028016265,0.002219773,0.0023194388,0.002272775,0.0,2025-05-05 14:11:55.328768,0,
0.0021437544,0.0021434505,0.002667418,0.0025719062,0.0017676448,0.0024837607,0.0027941219,0.0022145808,0.002332342,0.0022603886,0.0,2025-05-05 14:11:55.390225,0,
0.0021253128,0.002149709,0.0026565208,0.002558371,0.0017489949,0.0024553663,0.00278498,0.002227201,0.0023216151,0.0022503831,0.0,2025-05-05 14:11:55.433052,0,
0.0020829272,0.002145496,0.002648219,0.002586773,0.001723002,0.0024611251,0.0027707617,0.0022387137,0.0023151978,0.0022393228,0.0,2025-05-05 14:11:55.474748,0,
0.0021270271,0.0021464766,0.0025939085,0.0025769202,0.0016975082,0.0024626502,0.0027728723,0.0022548283,0.0023207925,0.002241021,0.0,2025-05-05 14:11:55.516017,0,
0.0021699811,0.002144979,0.002613947,0.002586908,0.0016890131,0.0024571316,0.0027964045,0.0022372482,0.0022959947,0.0022445668,0.0,2025-05-05 14:11:55.557838,0,
0.002225137,0.0020760829,0.002641314,0.0025809654,0.0016846432,0.0024545928,0.0028041434,0.002209163,0.0022852325,0.002269775,0.0,2025-05-05 14:11:55.599420,0,
0.0022625087,0.0020889512,0.0026437205,0.0025749723,0.0016665726,0.0024634611,0.0028300842,0.0022024298,0.00227919,0.002259883,0.0,2025-05-05 14:11:55.661971,0,
0.0022130986,0.0020421147,0.0026058294,0.0025896789,0.0016720019,0.0024422696,0.0028243044,0.0022355085,0.0022533732,0.0022617036,0.0,2025-05-05 14:11:55.703727,0,
0.002201287,0.0020052374,0.0026114746,0.0025810061,0.0016944516,0.0024242129,0.0028286458,0.0022362578,0.002254112,0.0022548574,0.0,2025-05-05 14:11:55.744595,0,
0.0022359663,0.0020163327,0.0026700369,0.0025550553,0.0017393893,0.0024152948,0.0028387273,0.0022038624,0.0022908445,0.0022515114,0.0,2025-05-05 14:11:55.787015,0,
0.0023181452,0.0020229039,0.002677391,0.0025714329,0.001761892,0.002422747,0.002837147,0.0022133656,0.0023172505,0.002268681,0.0,2025-05-05 14:11:55.828731,0,
0.002332501,0.0019993815,0.0026517839,0.0025529326,0.001769697,0.0024117942,0.0028043943,0.0022241012,0.002334338,0.0023016236,0.0,2025-05-05 14:11:55.891190,0,
0.002341846,0.0019878692,0.0026551217,0.0025447863,0.0017675522,0.0024161125,0.0028255093,0.0022582065,0.0023830296,0.0023059596,0.0,2025-05-05 14:11:55.932816,0,
0.0023812237,0.0020232834,0.0026905185,0.0025356014,0.0017537331,0.0024216177,0.0028218962,0.0022995993,0.0024129653,0.002321841,0.0,2025-05-05 14:11:55.974612,0,
0.0023345256,0.0020688078,0.002668184,0.002528821,0.0017415069,0.0024087506,0.0028228147,0.0022917632,0.002444921,0.002329867,0.0,2025-05-05 14:11:56.016454,0,
0.0023501723,0.0020679133,0.002657644,0.0024980775,0.0017235227,0.002403253,0.002798407,0.0022665616,0.0024384204,0.0023074225,0.0,2025-05-05 14:11:56.057829,0,
0.0024273337,0.0020717096,0.0026506342,0.0025099071,0.0016987867,0.00238759,0.0027824373,0.002201699,0.0024293826,0.0023054914,0.0,2025-05-05 14:11:56.099621,0,
0.002350784,0.0020601249,0.0026795648,0.0025053502,0.0016944342,0.0023957463,0.0027912036,0.002210673,0.0023932264,0.002302753,0.0,2025-05-05 14:11:56.161788,0,
0.002324896,0.0020338427,0.0026557262,0.0025063888,0.0017031196,0.0024163355,0.0028088258,0.0022222502,0.0023491548,0.0023251798,0.0,2025-05-05 14:11:56.203565,0,
0.0022660126,0.0020701804,0.0026744353,0.0025393916,0.0017112601,0.00243192,0.0028281899,0.002197569,0.0022935427,0.0023492605,0.0,2025-05-05 14:11:56.246153,0,
0.0022492479,0.0020276152,0.0026886743,0.002549003,0.0017349245,0.002451229,0.0028337666,0.0021923278,0.002321259,0.0023204617,0.0,2025-05-05 14:11:56.285427,0,
0.0022381484,0.0020032106,0.002685111,0.002568039,0.0017107128,0.002401274,0.0028580925,0.0022269778,0.0022945919,0.0022920698,0.0,2025-05-05 14:11:56.328088,0,
0.0022907201,0.0020039289,0.0026834882,0.0025502392,0.0017480912,0.0023913127,0.002856069,0.002272324,0.0023020438,0.0023024904,0.0,2025-05-05 14:11:56.370392,0,
0.002243337,0.0020373305,0.0026694369,0.002562,0.0017334698,0.0023939142,0.002847328,0.002292516,0.002299667,0.00228211,0.0,2025-05-05 14:11:56.432854,0,
0.0022366252,0.0020800782,0.0026977134,0.0025635748,0.0017304742,0.0024026681,0.0028401536,0.002280303,0.0023300839,0.002272741,0.0,2025-05-05 14:11:56.474443,0,
0.0022213007,0.0020192342,0.0027104444,0.0025813815,0.0017382602,0.002423787,0.002863606,0.0022668226,0.0023529574,0.0022803084,0.0,2025-05-05 14:11:56.516316,0,
0.002213868,0.0019995864,0.0027270934,0.0026033432,0.0017662708,0.0024103273,0.0028675017,0.0022128415,0.002378044,0.0022712348,0.0,2025-05-05 14:11:56.557897,0,
0.002226223,0.0019752218,0.0027479483,0.0025829112,0.0017739674,0.0024601398,0.0028569638,0.0022264665,0.0023670157,0.0022806297,0.0,2025-05-05 14:11:56.599319,0,
0.0021603054,0.0019416066,0.0027256082,0.0026040445,0.0017690868,0.0024601633,0.0028537742,0.0022216314,0.0023690055,0.0022640624,0.0,2025-05-05 14:11:56.662193,0,
0.0021789924,0.0019324176,0.0026870628,0.0025904966,0.0017452119,0.0024745788,0.0028161365,0.002173668,0.0023586596,0.002250556,0.0,2025-05-05 14:11:56.703941,0,
0.0023103738,0.0019003467,0.002667742,0.0025704294,0.001727644,0.0024717594,0.0028061501,0.0021592851,0.0023707135,0.002267735,0.0,2025-05-05 14:11:56.745516,0,
0.0023650494,0.0018815784,0.0026464802,0.0025516422,0.0016926044,0.0024746293,0.0027971002,0.0021515302,0.0023287162,0.002272949,0.0,2025-05-05 14:11:56.786969,0,
0.0023128972,0.0019104254,0.0026597406,0.0025466532,0.0017039258,0.0024803514,0.0027898357,0.0021677436,0.0023163303,0.0022733198,0.0,2025-05-05 14:11:56.827991,0,
0.002322189,0.002000104,0.0027069142,0.0025663027,0.0016974001,0.0024999315,0.0028019024,0.0021811002,0.0022864942,0.0022854228,0.0,2025-05-05 14:11:56.870383,0,
0.002349696,0.0020476668,0.0027124158,0.0025776045,0.00168767,0.0025177018,0.0028274974,0.002151719,0.0022671511,0.0022965805,0.0,2025-05-05 14:11:56.932990,0,
0.002427235,0.0020520939,0.002703909,0.0025787933,0.001701792,0.0025158804,0.0028131325,0.0021850497,0.002282535,0.0022751128,0.0,2025-05-05 14:11:56.974545,0,
0.002402089,0.0020880913,0.0026869974,0.002523945,0.0017254484,0.0025091872,0.0028204338,0.0021600714,0.002256271,0.0022810276,0.0,2025-05-05 14:11:57.016507,0,
0.0024801895,0.002115723,0.0026747598,0.0025225906,0.0017328741,0.0024994113,0.0028266925,0.0021956123,0.0022780013,0.0022612915,0.0,2025-05-05 14:11:57.056877,0,
0.002506352,0.0021120645,0.0027062073,0.0025157782,0.0017381381,0.0025082608,0.0028405674,0.002194439,0.0023052348,0.002252562,0.0,2025-05-05 14:11:57.098110,0,
0.0024487753,0.0021032738,0.0026993994,0.0025379942,0.0017448777,0.0025202024,0.0028615128,0.002150345,0.0023251513,0.0022224945,0.0,2025-05-05 14:11:57.141772,0,
0.0024211677,0.0021072996,0.0026684622,0.002516343,0.0017450516,0.0025084354,0.002859218,0.0021506362,0.002373016,0.002218441,0.0,2025-05-05 14:11:57.203754,0,
0.0024026236,0.0020955792,0.0026848884,0.0025410082,0.0017392877,0.0024965883,0.002869795,0.002149945,0.0023834468,0.002234007,0.0,2025-05-05 14:11:57.244770,0,
0.002340824,0.002078579,0.00269167,0.002527798,0.0017498402,0.0024822296,0.0028676218,0.0021828755,0.002353865,0.0022312417,0.0,2025-05-05 14:11:57.286905,0,
0.0022190078,0.002053812,0.0026611795,0.0024982768,0.0017502463,0.0024467178,0.002851065,0.0022054256,0.002344188,0.0022220525,0.0,2025-05-05 14:11:57.328673,0,
0.0022127477,0.0020682975,0.002629429,0.0024521973,0.0017410708,0.0024050162,0.0028236855,0.002198634,0.0023583146,0.0022153228,0.0,2025-05-05 14:11:57.370445,0,
0.0022155,0.002078493,0.0026003863,0.0024518126,0.0017390706,0.0023898399,0.0028195232,0.0022123905,0.0023469625,0.0022553203,0.0,2025-05-05 14:11:57.432829,0,
0.0022118948,0.0021001918,0.002580087,0.0024784554,0.0017346924,0.0023725256,0.0028079688,0.0022428255,0.0023092423,0.0022580053,0.0,2025-05-05 14:11:57.474709,0,
0.0022263192,0.0021475067,0.0025833007,0.0025082966,0.0017100108,0.002392857,0.002839673,0.0022867902,0.0023143522,0.002274643,0.0,2025-05-05 14:11:57.516304,0,
0.0022374464,0.0021644393,0.0025986987,0.002549877,0.0017304823,0.0024204568,0.002848512,0.002292106,0.002303691,0.0023056057,0.0,2025-05-05 14:11:57.557888,0,
0.0022541445,0.002160093,0.0026160118,0.002567637,0.0017405003,0.0024253596,0.0028514308,0.0022733696,0.002329903,0.0023069207,0.0,2025-05-05 14:11:57.598357,0,
0.0022785265,0.0021591506,0.0025700065,0.0025845217,0.0017525627,0.0024541065,0.0028438123,0.0022601008,0.0023304343,0.0023207574,0.0,2025-05-05 14:11:57.640278,0,
0.0022856297,0.0021586956,0.0025504585,0.0025830565,0.0017563311,0.0024580453,0.002838916,0.0022614563,0.0023538857,0.0022961176,0.0,2025-05-05 14:11:57.703716,0,
0.0023602578,0.0021226283,0.0025258982,0.0026055875,0.0017819067,0.0024548736,0.0028486026,0.002285911,0.0023710357,0.002286761,0.0,2025-05-05 14:11:57.745326,0,
0.0022842556,0.00206464,0.0025101493,0.0026240314,0.0017690298,0.0024516233,0.002854447,0.0022841338,0.002358213,0.0022754958,0.0,2025-05-05 14:11:57.786982,0,
0.0022425414,0.002072761,0.0025013143,0.0026225653,0.0017422455,0.002468407,0.0028439923,0.0022455256,0.0023484253,0.0022912961,0.0,2025-05-05 14:11:57.828578,0,
0.0022999514,0.0020380584,0.0025412396,0.002645351,0.001751953,0.0024530382,0.002856225,0.0022172802,0.0023467117,0.002268214,0.0,2025-05-05 14:11:57.870291,0,
0.0022437202,0.0019927723,0.0025760753,0.0026328042,0.0017436586,0.0024559367,0.0028601985,0.0022246442,0.0023426423,0.0022457414,0.0,2025-05-05 14:11:57.911967,0,
0.0022436217,0.0020040912,0.0026218947,0.0025794478,0.0017023712,0.0024535742,0.0028484925,0.0022791026,0.0023479825,0.0022308372,0.0,2025-05-05 14:11:57.973147,0,
0.0021990237,0.0019392674,0.0025773575,0.0025736045,0.0017038853,0.0024131208,0.0028138824,0.0022587525,0.0023483906,0.002202262,0.0,2025-05-05 14:11:58.016174,0,
0.0022723558,0.0018923028,0.002559199,0.0025749411,0.0017303497,0.0024237016,0.0028025538,0.002216078,0.0023251013,0.0022334636,0.0,2025-05-05 14:11:58.057799,0,
0.0022718776,0.0018564159,0.0026219985,0.002535371,0.0017326255,0.002435061,0.002823016,0.0021966302,0.0022978736,0.0022350398,0.0,2025-05-05 14:11:58.099421,0,
0.0022303152,0.0018841898,0.002662272,0.002555514,0.0017501306,0.0024653731,0.0028337336,0.0022141843,0.0022776017,0.0022587024,0.0,2025-05-05 14:11:58.141200,0,
0.0022461487,0.0018737531,0.0026293972,0.0025301499,0.0017794233,0.0024551959,0.002839496,0.0022537014,0.0022944228,0.0022986634,0.0,2025-05-05 14:11:58.203545,0,
0.002262915,0.0018928215,0.0026748392,0.0025214753,0.0017419681,0.0024689292,0.0028217933,0.0022633593,0.002270464,0.0023080695,0.0,2025-05-05 14:11:58.245419,0,
0.002288211,0.0019818626,0.0026644696,0.0025080307,0.0016950357,0.0024595906,0.0028390684,0.0022587872,0.0023018522,0.002284505,0.0,2025-05-05 14:11:58.286862,0,
0.00231477,0.0019999607,0.0026719095,0.002478758,0.0017002642,0.0024684921,0.0028237072,0.0022686608,0.0023100602,0.0022920882,0.0,2025-05-05 14:11:58.327432,0,
0.0022926887,0.0020331405,0.0026785657,0.0024944027,0.0016811641,0.0024533935,0.0028235954,0.0022851338,0.0023219644,0.0023124728,0.0,2025-05-05 14:11:58.370347,0,
0.0023942771,0.0020444097,0.0026465456,0.0024912376,0.0016605837,0.0024804093,0.0028129353,0.00228145,0.0023484472,0.002300164,0.0,2025-05-05 14:11:58.411931,0,
0.00237732,0.0020282483,0.0026460558,0.0024808939,0.0016631596,0.0024696102,0.002824182,0.0023000732,0.0023779806,0.0023272734,0.0,2025-05-05 14:11:58.474542,0,
0.0023071654,0.0020167094,0.0026562389,0.0024887233,0.0016869974,0.0024889146,0.0028208806,0.0022705097,0.0023919407,0.0023052148,0.0,2025-05-05 14:11:58.515408,0,
0.0022237536,0.0019780966,0.0026687824,0.002479199,0.0016977378,0.002503759,0.0028537526,0.0022624922,0.002410794,0.0022826376,0.0,2025-05-05 14:11:58.557851,0,
0.002173002,0.0019889288,0.0026700895,0.0025249466,0.001705905,0.0024517267,0.002856296,0.0022561757,0.0024246373,0.0022824977,0.0,2025-05-05 14:11:58.599524,0,
0.0021712026,0.0019682795,0.002679367,0.0025151083,0.0017230278,0.0024075035,0.0028456897,0.002235189,0.0024236683,0.0022455677,0.0,2025-05-05 14:11:58.640117,0,
0.0021922647,0.0019298681,0.002662781,0.0025250553,0.0017093512,0.0023940639,0.0028453115,0.0022158364,0.0024126398,0.0022456697,0.0,2025-05-05 14:11:58.682833,0,
0.0022002778,0.0019583523,0.0026953048,0.002551358,0.001712183,0.0023960865,0.002856805,0.0022134641,0.002418359,0.0022558514,0.0,2025-05-05 14:11:58.745230,0,
0.0022378892,0.0019699314,0.0026909206,0.002593783,0.0017222548,0.002397564,0.0028830187,0.0022240744,0.002378036,0.002242804,0.0,2025-05-05 14:11:58.785967,0,
0.0022749864,0.0019989724,0.0027019135,0.0026024904,0.0017394418,0.0024145693,0.0028994945,0.0022547795,0.0024199625,0.0022637418,0.0,2025-05-05 14:11:58.827648,0,
0.0023224612,0.0020215656,0.002688089,0.0026492933,0.0017551023,0.002420059,0.0028937093,0.0022376117,0.002423703,0.002273096,0.0,2025-05-05 14:11:58.869886,0,
0.0023116271,0.002032198,0.0027155331,0.0026521967,0.0017526968,0.0024020849,0.0028930402,0.0022802623,0.002399957,0.002260013,0.0,2025-05-05 14:11:58.911966,0,
0.0023008743,0.0020293887,0.0026812702,0.0026363079,0.0017425175,0.002403727,0.0028637368,0.002295554,0.0023829876,0.0022601674,0.0,2025-05-05 14:11:58.974002,0,
0.002332339,0.0020641123,0.0026718837,0.002627335,0.0017515143,0.0023920275,0.0028457616,0.002277575,0.0023516319,0.0022698147,0.0,2025-05-05 14:11:59.015148,0,
0.002334577,0.0020681447,0.002659613,0.0025976917,0.0017235172,0.002411201,0.0028418773,0.0023153003,0.002350624,0.0022486798,0.0,2025-05-05 14:11:59.056666,0,
0.0022851548,0.00203888,0.002659472,0.0025711495,0.0017112732,0.0023838396,0.0028360581,0.002316041,0.0023374967,0.0022602547,0.0,2025-05-05 14:11:59.099699,0,
0.0022441843,0.0020268091,0.002661444,0.0025653634,0.0017211044,0.0023572557,0.0028230178,0.0023022678,0.0023121813,0.0022690776,0.0,2025-05-05 14:11:59.141163,0,
0.0022518556,0.0020020523,0.0026656443,0.0025760778,0.001745158,0.0023793778,0.0028074044,0.002301072,0.0023142253,0.0022586049,0.0,2025-05-05 14:11:59.182031,0,
0.0022683938,0.001990671,0.002633115,0.0025625192,0.0017465876,0.0024308027,0.0027666057,0.0022744914,0.0022821662,0.0022257557,0.0,2025-05-05 14:11:59.245211,0,
0.0022877902,0.0019929577,0.0026683144,0.002559856,0.0017263993,0.0025902106,0.0027071051,0.0022440979,0.0021705772,0.0021080514,0.0,2025-05-05 14:11:59.287399,0,
0.0023007065,0.0020307358,0.0025492997,0.0025330365,0.001725945,0.0027115054,0.0026478572,0.0021986307,0.0022085127,0.0021249242,0.0,2025-05-05 14:11:59.328038,0,
0.0022934086,0.00203273,0.0026691195,0.0025384051,0.0016824597,0.0024776272,0.0026568645,0.0022506476,0.0022512747,0.0021232155,0.0,2025-05-05 14:11:59.370564,0,
0.00231423,0.0020395203,0.002602714,0.0025399681,0.0016788901,0.0024084565,0.0027268906,0.002290777,0.0022669386,0.0020894501,0.0,2025-05-05 14:11:59.412290,0,
0.0023361526,0.0021190525,0.0026393333,0.0025248262,0.0016772713,0.0022629427,0.0027000632,0.0023083282,0.0022784772,0.0021219435,0.0,2025-05-05 14:11:59.452153,0,
0.0023439857,0.0021048975,0.0026446928,0.0025525382,0.0017007673,0.0023935158,0.002706964,0.0023007882,0.00226714,0.0021706603,0.0,2025-05-05 14:11:59.516680,0,
0.0023672793,0.002067779,0.002726954,0.0025390687,0.0017310283,0.0024664989,0.0026832006,0.002242391,0.0021801165,0.002134574,0.0,2025-05-05 14:11:59.557752,0,
0.0023972762,0.0020965291,0.0028002693,0.002513275,0.0017422346,0.0022212237,0.0027225856,0.0022420343,0.002130697,0.0023623044,0.0,2025-05-05 14:11:59.599618,0,
0.0024126777,0.0020629899,0.0027726274,0.002493241,0.0017213996,0.002084247,0.0027226075,0.0022447924,0.0020971096,0.002421447,0.0,2025-05-05 14:11:59.641152,0,
0.0023700374,0.0019993964,0.0029040107,0.0024819982,0.0017222196,0.0021802927,0.0026943423,0.0022026906,0.0021234218,0.0026533587,0.0,2025-05-05 14:11:59.682918,0,
0.0023818437,0.0020377159,0.0025868858,0.0024805174,0.0016671206,0.0023783522,0.0027081722,0.002090785,0.00213899,0.0027517378,0.0,2025-05-05 14:11:59.744408,0,
0.0024282753,0.0020044805,0.002779251,0.0025312477,0.0016343412,0.0025748056,0.002723785,0.0020739816,0.0022603087,0.0029227817,0.0,2025-05-05 14:11:59.786958,0,
0.0024354723,0.0019681605,0.0028125732,0.002568501,0.0016492987,0.0024722775,0.0026836426,0.0021350258,0.0024785749,0.003001197,0.0,2025-05-05 14:11:59.828776,0,
0.0024244813,0.0019352965,0.0027845341,0.0025365923,0.0016115817,0.0022774716,0.0027457152,0.0021680829,0.0024671485,0.0031778615,0.0,2025-05-05 14:11:59.869144,0,
0.0023037533,0.0020136116,0.0027274895,0.0025299457,0.0015798549,0.0023411587,0.002806134,0.0021913783,0.002393234,0.003122614,0.0,2025-05-05 14:11:59.912124,0,
0.0022129286,0.0020119029,0.0026606743,0.002466461,0.0016351009,0.0023948362,0.0027951957,0.0021994244,0.0024009189,0.003060201,0.0,2025-05-05 14:11:59.953733,0,
0.0021928311,0.001991662,0.002613036,0.0024887887,0.0016935031,0.0024273687,0.0028240792,0.0021719374,0.0023169187,0.0030721703,0.0,2025-05-05 14:12:00.015688,0,
0.0021602158,0.0020469662,0.0025030219,0.002490329,0.0017478811,0.0024726407,0.0028035536,0.0021400552,0.002279606,0.002870962,0.0,2025-05-05 14:12:00.058507,0,
0.0021457365,0.002084692,0.0025757877,0.0025080333,0.0017675252,0.0025116578,0.0027758635,0.002107931,0.0022609152,0.0028378,0.0,2025-05-05 14:12:00.099562,0,
0.0021004407,0.002059754,0.0025720804,0.0025224583,0.001798541,0.0025368566,0.0028632442,0.0020353792,0.0022859522,0.002683595,0.0,2025-05-05 14:12:00.141259,0,
0.0020266795,0.002098349,0.0027319693,0.0025358142,0.0018076282,0.0022388948,0.0028994,0.002031628,0.0022270281,0.0026943167,0.0,2025-05-05 14:12:00.183018,0,
0.0021674933,0.0020598578,0.002710284,0.0024911622,0.0018192817,0.0020396889,0.0029150592,0.0020531733,0.0022977272,0.0025185533,0.0,2025-05-05 14:12:00.224504,0,
0.002210335,0.0020434877,0.00249279,0.0024801246,0.0018891443,0.0023820614,0.0029365546,0.0020419885,0.0024194568,0.002431328,0.0,2025-05-05 14:12:00.286927,0,
0.0023270177,0.002007218,0.0026089174,0.0025082754,0.0018509456,0.0024644868,0.0028448945,0.0021065075,0.0023923675,0.0022622894,0.0,2025-05-05 14:12:00.327648,0,
0.0023041656,0.002031404,0.002658197,0.0025461325,0.001818529,0.002418737,0.0028401292,0.0021896795,0.0023773562,0.0022411798,0.0,2025-05-05 14:12:00.368932,0,
0.002348231,0.002005789,0.002660834,0.002540922,0.0017825669,0.0024263905,0.0028136764,0.0022145866,0.0023884887,0.0022541583,0.0,2025-05-05 14:12:00.410578,0,
0.0023403738,0.0019865385,0.0026640224,0.0025513861,0.0017638236,0.0024350027,0.002795785,0.0021709015,0.0023879549,0.002224229,0.0,2025-05-05 14:12:00.452944,0,
0.0023732127,0.002009595,0.0026784556,0.0025838218,0.0017654332,0.0024537055,0.002773197,0.0021726063,0.0023761,0.0022027192,0.0,2025-05-05 14:12:00.516169,0,
0.0024440214,0.0020149474,0.0027021295,0.0025546572,0.0017784906,0.00246027,0.0027686618,0.0021473204,0.002367785,0.0021901985,0.0,2025-05-05 14:12:00.557730,0,
0.0023352685,0.0019454951,0.0026566102,0.002559772,0.0017414291,0.0024540755,0.002755095,0.0021478718,0.0023722907,0.0021847233,0.0,2025-05-05 14:12:00.599559,0,
0.002254414,0.001946868,0.0026518786,0.002566637,0.0017180552,0.0024707983,0.002742322,0.0021650987,0.0023902855,0.0021637846,0.0,2025-05-05 14:12:00.641147,0,
0.002306706,0.0019172796,0.0026023327,0.0025206297,0.0017235286,0.0024832492,0.002742327,0.0022753912,0.0023539946,0.0021620877,0.0,2025-05-05 14:12:00.682870,0,
0.0022875932,0.0019858642,0.002646439,0.0025405386,0.0017082206,0.002510428,0.002757298,0.0023026743,0.002357661,0.0021671497,0.0,2025-05-05 14:12:00.724440,0,
0.0023150444,0.0019699833,0.002651752,0.0025344137,0.001724755,0.0025015015,0.0027789313,0.002326778,0.0023428076,0.0021784862,0.0,2025-05-05 14:12:00.786736,0,
0.0022481699,0.0020557349,0.0026317032,0.0025192217,0.0017262828,0.0025142825,0.0027626138,0.0023538154,0.0023557355,0.0021733325,0.01818,2025-05-05 14:12:00.828787,1,0.0
0.0022392415,0.0020462961,0.002607533,0.0025023452,0.0017232958,0.0025084135,0.002791272,0.0023466975,0.0023615821,0.0021687848,0.01818,2025-05-05 14:12:00.870489,1,0.0
0.0022069835,0.0021210238,0.0026253967,0.0025240267,0.0017225943,0.002491605,0.0027758677,0.0023117873,0.0023662106,0.0022097027,0.01818,2025-05-05 14:12:00.912001,1,0.0
0.002272867,0.0021565193,0.0025965525,0.002537921,0.0017477465,0.0025011245,0.002797059,0.0023217713,0.0023605109,0.0022271508,0.01818,2025-05-05 14:12:00.953574,1,0.0
0.0023598433,0.0021531247,0.0026130083,0.0025186208,0.0017867486,0.0025271524,0.0028132712,0.0022642137,0.0023794882,0.0022362317,0.01818,2025-05-05 14:12:00.994163,1,0.0
0.0023808442,0.002107231,0.0026091773,0.0025467088,0.0017856477,0.0025192352,0.0028194783,0.0022371209,0.0023624306,0.002233962,0.01818,2025-05-05 14:12:01.057951,1,0.0
0.002420633,0.002134657,0.0025986992,0.0025531857,0.0017796181,0.0024981876,0.0028331215,0.002184973,0.0023729259,0.0022354473,0.01818,2025-05-05 14:12:01.099518,1,0.0
0.0024364488,0.002111457,0.0025975097,0.0025550502,0.0017830614,0.002463345,0.0028676346,0.0022573036,0.0023597714,0.0022437868,0.01818,2025-05-05 14:12:01.141376,1,0.0
0.0023906664,0.0021479684,0.0025718655,0.0025178676,0.0017478708,0.00243209,0.0028561659,0.0022410264,0.0023282312,0.0022378182,0.01818,2025-05-05 14:12:01.183059,1,0.0
0.0024280585,0.0020382234,0.0025679567,0.0025254372,0.0017525654,0.0024084526,0.0028587417,0.0021971373,0.002312171,0.0022095153,0.01818,2025-05-05 14:12:01.224803,1,0.0
0.002340894,0.0020299572,0.0025359532,0.002529625,0.0017290692,0.002406777,0.002855219,0.0021345934,0.0023383035,0.0022168902,0.01818,2025-05-05 14:12:01.287210,1,0.0
0.0022804765,0.0019600522,0.0025394673,0.0025372403,0.0017209171,0.0023972446,0.002853847,0.0020939014,0.0023193469,0.0022105258,0.01818,2025-05-05 14:12:01.328630,1,0.0
0.0022327641,0.001962665,0.0025717407,0.0025172364,0.0017294552,0.002385495,0.002891046,0.0021148378,0.0023019058,0.002196807,0.01818,2025-05-05 14:12:01.370270,1,0.0
0.0022309306,0.0019744504,0.002635209,0.0025249936,0.001739927,0.002369101,0.0028949887,0.0021472292,0.0023151543,0.0021973264,0.01818,2025-05-05 14:12:01.411938,1,0.0
0.0021949569,0.0019356322,0.002628638,0.0025205978,0.0017465118,0.002378322,0.0028683161,0.0021817312,0.00233344,0.002185563,0.01818,2025-05-05 14:12:01.453665,1,0.0
0.0021922342,0.0019535185,0.0025888833,0.002501261,0.001735216,0.0023879928,0.0028603673,0.0022278351,0.0023264643,0.0022101286,0.01818,2025-05-05 14:12:01.494864,1,0.0
0.002294777,0.001972436,0.0026018266,0.0024969063,0.001733818,0.0023990434,0.002841303,0.0022600247,0.0023386965,0.0022292042,0.01818,2025-05-05 14:12:01.557867,1,0.0
0.0024179264,0.002008561,0.0026060045,0.00253662,0.0017331067,0.0024173441,0.0028126135,0.0022778874,0.0023177133,0.0022119784,0.01818,2025-05-05 14:12:01.599504,1,0.0
0.0023973237,0.0019999447,0.0026685174,0.0025341394,0.0017329651,0.0024320784,0.0028058218,0.0023001865,0.0022934193,0.002191211,0.01818,2025-05-05 14:12:01.641028,1,0.0
0.0025269755,0.0020076106,0.002678832,0.002522449,0.0017518259,0.0024119501,0.002780828,0.0023153075,0.0022624,0.002209097,0.01818,2025-05-05 14:12:01.682465,1,0.0
0.0025914754,0.001993107,0.0026772683,0.0025031522,0.0017567904,0.002426031,0.002789928,0.0023033684,0.0022626196,0.0022172313,0.01818,2025-05-05 14:12:01.724669,1,0.0
0.0025917746,0.0019548703,0.0026705847,0.0025166566,0.001724114,0.0024390302,0.002784192,0.0022490344,0.0022954708,0.0022379302,0.01818,2025-05-05 14:12:01.787104,1,0.0
0.0026189396,0.0019405761,0.00263306,0.0025440392,0.0017224399,0.0024497958,0.0027781813,0.0022327814,0.0022962121,0.00221922,0.01818,2025-05-05 14:12:01.828553,1,0.0
0.002568159,0.00193431,0.0026031968,0.0025471586,0.0017021743,0.002446617,0.0027759043,0.002224474,0.0023114283,0.0022280633,0.01818,2025-05-05 14:12:01.870355,1,0.0
0.002598821,0.0018728529,0.0025861256,0.002527683,0.0016857336,0.002445939,0.0027920483,0.002243942,0.0023365568,0.0022264903,0.01818,2025-05-05 14:12:01.911933,1,0.0
0.0025174639,0.0019125242,0.0026184844,0.002515401,0.0016633405,0.0024465926,0.0027813655,0.0022326736,0.0023504486,0.0022007243,0.01818,2025-05-05 14:12:01.953559,1,0.0
0.002467006,0.0019394576,0.0026095216,0.002516919,0.0016400767,0.0024467092,0.002801381,0.0023128006,0.0023990343,0.0022040987,0.01818,2025-05-05 14:12:01.993944,1,0.0
0.0023824095,0.0019772067,0.0026256389,0.0025102827,0.001635429,0.002485321,0.0028195274,0.0023276503,0.0023754025,0.0022364228,0.01818,2025-05-05 14:12:02.057743,1,0.0
0.0023504056,0.0019384976,0.002605298,0.0025473922,0.0016510552,0.0024984025,0.002831925,0.0023476814,0.002378022,0.0022393384,0.01818,2025-05-05 14:12:02.099575,1,0.0
0.0022257525,0.001954933,0.0026076396,0.002547406,0.001677924,0.002475489,0.002832769,0.0023477788,0.002367458,0.00223686,0.01818,2025-05-05 14:12:02.140060,1,0.0
0.0022953935,0.001962464,0.0026102187,0.0025757244,0.0017056484,0.0024328195,0.002838146,0.0023648122,0.0023486025,0.0022357982,0.01818,2025-05-05 14:12:02.183396,1,0.0
0.0022862388,0.00195477,0.0026301881,0.0025490762,0.0016972967,0.0024181232,0.0028248834,0.0023653512,0.0023703447,0.0022083984,0.01818,2025-05-05 14:12:02.224503,1,0.0
0.0022565944,0.0019489726,0.0026173296,0.0025278432,0.0016786512,0.002387086,0.002837753,0.002362208,0.0023695016,0.0022177114,0.01818,2025-05-05 14:12:02.266097,1,0.0
0.0021799898,0.0019538277,0.0026308047,0.002523335,0.0016618421,0.0023419138,0.0028293037,0.002351778,0.0023326199,0.002225218,0.01818,2025-05-05 14:12:02.328563,1,0.0
0.0022911231,0.0019110799,0.0026229273,0.0025479654,0.0016611604,0.0023243502,0.0028145395,0.0023548042,0.002368331,0.0022279965,0.01818,2025-05-05 14:12:02.370297,1,0.0
0.0023982006,0.001935294,0.0026127854,0.0025342202,0.0016706799,0.0023469622,0.00279404,0.0023409692,0.0023762963,0.0022244835,0.01818,2025-05-05 14:12:02.412133,1,0.0
0.0024144761,0.0019439696,0.0026216358,0.0025486597,0.0016841629,0.0023431578,0.0027767934,0.00236393,0.0023995603,0.0022106834,0.01818,2025-05-05 14:12:02.453650,1,0.0
0.0025007166,0.0019533643,0.0026154704,0.002543822,0.0016858686,0.0023665403,0.0027809725,0.0023502803,0.0023884736,0.002194176,0.01818,2025-05-05 14:12:02.495579,1,0.0
0.0026231378,0.0019494792,0.0026058075,0.00251617,0.0017126609,0.002371088,0.0027672965,0.0023238065,0.0023838554,0.0022075374,0.01818,2025-05-05 14:12:02.558161,1,0.0
0.0026139268,0.001966777,0.0026251536,0.0024668004,0.0017169502,0.0024024248,0.0027832345,0.0022689775,0.002347306,0.0022162467,0.01818,2025-05-05 14:12:02.598401,1,0.0
0.0024729485,0.0020431902,0.0026558896,0.0024924374,0.0017419647,0.002415132,0.002784373,0.0022501603,0.0023054343,0.0022342454,0.01818,2025-05-05 14:12:02.641306,1,0.0
0.0024055382,0.0020693545,0.00266811,0.002494329,0.001737227,0.0024293908,0.0027924827,0.002278335,0.0023291775,0.0022403947,0.01818,2025-05-05 14:12:02.682618,1,0.0
0.0023812114,0.002060541,0.0026639395,0.0025141316,0.0017204168,0.002463835,0.0027982856,0.0022632617,0.0023281511,0.0022642207,0.01818,2025-05-05 14:12:02.723804,1,0.0
0.0022668922,0.002073419,0.0026508158,0.0025219582,0.0017028624,0.0024492978,0.0027919766,0.0022663043,0.002315693,0.0022571487,0.01818,2025-05-05 14:12:02.765195,1,0.0
0.0022187436,0.0020252836,0.0026275837,0.0025512332,0.0017101334,0.002448051,0.0028188191,0.0022493321,0.0023247935,0.0022751896,0.01818,2025-05-05 14:12:02.828986,1,0.0
0.0022018685,0.0020481194,0.0026251406,0.0025621392,0.0017274745,0.0024767504,0.0028221454,0.0022143687,0.0023142002,0.0022688871,0.01818,2025-05-05 14:12:02.869641,1,0.0
0.0022744616,0.0020491504,0.002639633,0.002572156,0.0017373975,0.002483474,0.0028327124,0.0022347413,0.0023239201,0.0022917343,0.01818,2025-05-05 14:12:02.912666,1,0.0
0.0022690375,0.0020191013,0.002659617,0.0025817242,0.0017442935,0.0024577812,0.0028315382,0.0022300587,0.002347644,0.002287636,0.01818,2025-05-05 14:12:02.953669,1,0.0
0.0022863704,0.0020191402,0.0026238665,0.0025691038,0.0017635134,0.0024703604,0.002838495,0.0021920411,0.0023506056,0.002284836,0.01818,2025-05-05 14:12:02.993916,1,0.0
0.0023072562,0.0020498352,0.0025895715,0.0025837068,0.0017834747,0.0024771958,0.0028272741,0.002180748,0.002359652,0.0022797831,0.01818,2025-05-05 14:12:03.036951,1,0.0
0.0022633227,0.0020480372,0.0026013525,0.0025779635,0.0017767167,0.0024821975,0.002813403,0.0022399328,0.0023626846,0.0022527643,0.01818,2025-05-05 14:12:03.100063,1,0.0
0.0023511348,0.0020597323,0.0025765998,0.0025744527,0.001789164,0.0025007694,0.0028121227,0.0021999776,0.002372458,0.0022551555,0.01818,2025-05-05 14:12:03.141296,1,0.0
0.00248085,0.0020061862,0.0025495833,0.0025824434,0.0017854284,0.0024869498,0.0028056835,0.0021816073,0.0023745038,0.002261833,0.01818,2025-05-05 14:12:03.181475,1,0.0
0.0024453504,0.002028739,0.0025563252,0.0025436191,0.0017718386,0.00249243,0.0028042616,0.0021690049,0.0023503832,0.0022674669,0.01818,2025-05-05 14:12:03.223127,1,0.0
0.0024275891,0.0019768658,0.0025691923,0.0025348582,0.0017736026,0.0024847963,0.002791515,0.0021948006,0.002327297,0.0022570302,0.01818,2025-05-05 14:12:03.266616,1,0.0
0.0023635507,0.002027309,0.0026025684,0.0025532313,0.0017729119,0.002502194,0.0028228625,0.0022620773,0.0023088225,0.002284853,0.01818,2025-05-05 14:12:03.328822,1,0.0
0.0023696858,0.002050976,0.002593476,0.00254669,0.0017735566,0.0024708312,0.002825134,0.0023109047,0.002271522,0.0022840265,0.01818,2025-05-05 14:12:03.370274,1,0.0
0.0023334601,0.002034662,0.0026082867,0.002539364,0.0017641064,0.002466715,0.002821654,0.0023114644,0.002260665,0.0022908798,0.01818,2025-05-05 14:12:03.411218,1,0.0
0.0021782648,0.002043932,0.0026247534,0.0025122694,0.0017265811,0.0024386782,0.0028308693,0.0023464316,0.002267877,0.0022801617,0.01818,2025-05-05 14:12:03.453631,1,0.0
0.0020599868,0.0020834233,0.0026177806,0.0025169656,0.0017178876,0.00242604,0.0028326756,0.0023572298,0.0022777808,0.0022628114,0.01818,2025-05-05 14:12:03.495708,1,0.0
0.0020465811,0.0020510242,0.0026040121,0.0025017052,0.0017239249,0.0023954373,0.0028258017,0.0023769275,0.00229112,0.002267755,0.01818,2025-05-05 14:12:03.537171,1,0.0
0.002056388,0.0020918644,0.0025977294,0.0025190967,0.0017280251,0.0023867344,0.0028351515,0.0023694509,0.002328641,0.0022734134,0.01818,2025-05-05 14:12:03.599701,1,0.0
0.0020039058,0.0020571605,0.0025906044,0.00252298,0.0017383914,0.0024044367,0.002825539,0.002326411,0.002349353,0.0022614682,0.01818,2025-05-05 14:12:03.640153,1,0.0
0.0020443583,0.002041931,0.0025914814,0.0025368214,0.0017525305,0.0024300653,0.0028192399,0.0022944934,0.0023327132,0.002260911,0.01818,2025-05-05 14:12:03.681988,1,0.0
0.00201457,0.0019731806,0.0026195194,0.0025604577,0.0017665405,0.002414574,0.0028372658,0.0022742338,0.0023508652,0.0022508886,0.01818,2025-05-05 14:12:03.723588,1,0.0
0.0020727238,0.0020059622,0.0026526323,0.0025529303,0.0017647845,0.0024638232,0.0028199104,0.002284645,0.002343578,0.0022489345,0.01818,2025-05-05 14:12:03.765470,1,0.0
0.0021606493,0.001997756,0.0026244319,0.0025248292,0.0017737321,0.0024825572,0.0028130598,0.0022448117,0.0023241148,0.002210966,0.01818,2025-05-05 14:12:03.806888,1,0.0
0.0022322014,0.00196467,0.002591283,0.0025293606,0.0017586868,0.0024879405,0.0028064111,0.0021927129,0.0023545935,0.0021916418,0.01818,2025-05-05 14:12:03.869504,1,0.0
0.0021248471,0.0019543227,0.0025768455,0.0025334682,0.0017381568,0.0024860052,0.002798176,0.0022088194,0.0023098348,0.0022053597,0.01818,2025-05-05 14:12:03.910752,1,0.0
0.0020421126,0.0019832938,0.0026273776,0.0025851135,0.0017206683,0.0025039325,0.0028007994,0.0022357947,0.002285608,0.0022332037,0.01818,2025-05-05 14:12:03.952833,1,0.0
0.0020383056,0.0019604212,0.0026827257,0.0026069677,0.0017475041,0.0025050289,0.0028158687,0.0022136108,0.0022775126,0.0022511242,0.01818,2025-05-05 14:12:03.994056,1,0.0
0.002000673,0.0019813762,0.0027313991,0.0026027018,0.0017213085,0.0024786452,0.0028083,0.0022554472,0.0023144165,0.0022216123,0.01818,2025-05-05 14:12:04.035618,1,0.0
0.0020621354,0.0020047585,0.0027393156,0.0025798478,0.001738646,0.0024412614,0.0028100214,0.0022841487,0.002335981,0.002197511,0.01818,2025-05-05 14:12:04.098112,1,0.0
0.0020641314,0.0019979398,0.0027524568,0.0025774303,0.001736438,0.002438532,0.0027942904,0.002293725,0.002308477,0.0022148595,0.01818,2025-05-05 14:12:04.140040,1,0.0
0.002070985,0.001973414,0.0027561104,0.0025789891,0.00174207,0.0024000907,0.0027929633,0.0023173124,0.0023139399,0.002233351,0.01818,2025-05-05 14:12:04.181789,1,0.0
0.0020788445,0.0020156505,0.0027290757,0.002584542,0.0017571698,0.002391286,0.002803446,0.0023593989,0.0023342269,0.0022319371,0.01818,2025-05-05 14:12:04.223311,1,0.0
0.002201825,0.0020330148,0.002715023,0.002589761,0.0017570764,0.002399541,0.002807576,0.0023519623,0.0023452127,0.0022605208,0.01818,2025-05-05 14:12:04.264903,1,0.0
0.002169038,0.002042971,0.0027454828,0.0025733388,0.0017355748,0.0023916247,0.002795951,0.0023389424,0.0023764253,0.0022737929,0.01818,2025-05-05 14:12:04.306631,1,0.0
0.0021507605,0.0020488522,0.002746845,0.0025487363,0.0017599092,0.0023944597,0.0027993864,0.002336262,0.0023456921,0.0022785426,0.01818,2025-05-05 14:12:04.370647,1,0.0
0.0021290162,0.002086498,0.0027579842,0.0025271422,0.001768259,0.0023997612,0.0027893556,0.0023822803,0.0023434903,0.0022564686,0.01818,2025-05-05 14:12:04.410811,1,0.0
0.002280181,0.0020862073,0.0027334294,0.0025167062,0.0017762338,0.0023819727,0.0027769434,0.0023173445,0.0023033563,0.0022347295,0.01818,2025-05-05 14:12:04.453876,1,0.0
0.002322064,0.0020512617,0.0026847667,0.0024993955,0.0017730563,0.0024188487,0.0027969338,0.002304154,0.002324321,0.0022551313,0.01818,2025-05-05 14:12:04.493964,1,0.0
0.002327055,0.0020804214,0.002698341,0.00249945,0.0017772493,0.0024364907,0.0027850694,0.0022864623,0.0023286603,0.0022723095,0.01818,2025-05-05 14:12:04.535597,1,0.0
0.0022901988,0.0020472873,0.0026690075,0.0025096254,0.0017577708,0.0024219074,0.0027976842,0.0022171421,0.0023100968,0.0022686135,0.01818,2025-05-05 14:12:04.577319,1,0.0
0.0023415075,0.0020288718,0.0026828658,0.002525066,0.0017363734,0.0024316139,0.002801593,0.0021623012,0.002347601,0.0022590372,0.01818,2025-05-05 14:12:04.640161,1,0.0
0.002360328,0.0020145373,0.0026873765,0.0025560083,0.0017190586,0.0024337834,0.0028119027,0.0021416484,0.0023700546,0.0022625935,0.01818,2025-05-05 14:12:04.682037,1,0.0
0.00229615,0.0020269859,0.002711706,0.002519413,0.0017261982,0.0024136233,0.0028162827,0.0021695567,0.0023605772,0.0022646282,0.01818,2025-05-05 14:12:04.723765,1,0.0
0.0023027454,0.0020505914,0.0026996506,0.0025284467,0.0017267802,0.0024178138,0.0028214836,0.0021484036,0.0023923232,0.0022796092,0.01818,2025-05-05 14:12:04.765592,1,0.0
0.0022880058,0.002054882,0.0026988012,0.002548505,0.0017361499,0.002417657,0.0028257812,0.002138608,0.0023818472,0.0022746818,0.01818,2025-05-05 14:12:04.807211,1,0.0
0.00216263,0.0020777201,0.0026825753,0.0025501964,0.0017465708,0.002418715,0.0028262148,0.0021865405,0.0023886566,0.0022769077,0.01818,2025-05-05 14:12:04.869490,1,0.0
0.002137477,0.0020925612,0.0027197914,0.0025612502,0.0017649583,0.00240032,0.0028254967,0.0021961415,0.0023695705,0.0022955153,0.01818,2025-05-05 14:12:04.910872,1,0.0
0.0021258967,0.002083107,0.0027213055,0.0025423602,0.0017626956,0.0023883365,0.0028139146,0.0022321441,0.002372803,0.0022938622,0.01818,2025-05-05 14:12:04.952420,1,0.0
0.0020149746,0.002106364,0.0026913933,0.0025498886,0.0017495338,0.0024000986,0.0028209393,0.0022889255,0.0023975042,0.0022788837,0.01818,2025-05-05 14:12:04.994040,1,0.0
0.0019999926,0.0020727767,0.002722129,0.0025354489,0.0017631815,0.0024112307,0.0027986516,0.0023663093,0.0023860266,0.0022674627,0.01818,2025-05-05 14:12:05.035780,1,0.0
0.0020354916,0.0020583011,0.0026900894,0.0024840364,0.001762873,0.0024221062,0.0027798216,0.0023826857,0.0023457813,0.0022593287,0.01818,2025-05-05 14:12:05.077242,1,0.0
0.0022370366,0.0020406053,0.0026489785,0.002507963,0.0017249505,0.002446034,0.0027527434,0.0023482894,0.0023526626,0.002248577,0.01818,2025-05-05 14:12:05.140625,1,0.0
0.0022455617,0.0020577917,0.0026306142,0.0024872532,0.0017488078,0.0024434172,0.0027564028,0.0023584627,0.0023419985,0.0022346661,0.01818,2025-05-05 14:12:05.181591,1,0.0
0.0022650943,0.0020827595,0.0026624387,0.0025083872,0.0017419849,0.0024555405,0.0027623938,0.0023872524,0.0023546892,0.0022407402,0.01818,2025-05-05 14:12:05.224656,1,0.0
0.0023503136,0.0021378186,0.0026868111,0.0025435393,0.0017133266,0.0024548315,0.0027716698,0.0023962478,0.002371708,0.002227852,0.01818,2025-05-05 14:12:05.265273,1,0.0
0.0023468647,0.0021214716,0.0026873024,0.0025523046,0.0017274005,0.0024731306,0.002784575,0.0023560766,0.0023715526,0.0022244963,0.01818,2025-05-05 14:12:05.308344,1,0.0
0.0022881464,0.0021037254,0.0026738916,0.0025401895,0.0017161987,0.002492114,0.002782628,0.0022937937,0.0023598264,0.0022187317,0.01818,2025-05-05 14:12:05.348304,1,0.0
0.0023221928,0.0021232297,0.002672047,0.0025387798,0.001678538,0.0025226017,0.0027744817,0.0022453112,0.0023624194,0.0022185533,0.01818,2025-05-05 14:12:05.410644,1,0.0
0.0023267877,0.0020989093,0.0026379093,0.002555047,0.0016498456,0.0025451558,0.0027875304,0.0022593278,0.0023382513,0.0022212204,0.01818,2025-05-05 14:12:05.453834,1,0.0
0.002277,0.0020585898,0.002615295,0.0025553668,0.001654578,0.0025403742,0.002812624,0.0023058965,0.0023390604,0.0022170967,0.01818,2025-05-05 14:12:05.495224,1,0.0
0.0024025713,0.0020282224,0.002608677,0.002542928,0.0016670213,0.0025382354,0.002826632,0.0023448041,0.0023171387,0.0022319076,0.01818,2025-05-05 14:12:05.537027,1,0.0
0.0024308453,0.0020301472,0.002604618,0.0025395118,0.0016757882,0.002516508,0.0028267393,0.0023711382,0.0022849191,0.002222155,0.01818,2025-05-05 14:12:05.578516,1,0.0
0.0023639263,0.0020171918,0.0025884097,0.0025555382,0.0017128956,0.0025199917,0.0028268008,0.0023365035,0.0022704147,0.0022364117,0.01818,2025-05-05 14:12:05.641231,1,0.0
0.0024859998,0.0020225353,0.0025893287,0.0025442045,0.0017103304,0.0025249496,0.0028287643,0.0023046765,0.0022746231,0.0021929492,0.01818,2025-05-05 14:12:05.682427,1,0.0
0.002305463,0.002034356,0.0025469915,0.0024866376,0.0017101483,0.0024757884,0.00282219,0.002289146,0.0022606645,0.002226671,0.01818,2025-05-05 14:12:05.724561,1,0.0
0.0022615136,0.0019825143,0.002548113,0.0024996907,0.0017120598,0.002464855,0.0028016309,0.0022747144,0.0022839454,0.0022233939,0.01818,2025-05-05 14:12:05.765913,1,0.0
0.0022260053,0.0019949977,0.002547505,0.0025256334,0.0017129587,0.002469916,0.0028047985,0.0022510625,0.0022805773,0.0022213026,0.01818,2025-05-05 14:12:05.807972,1,0.0
0.002160881,0.0020145494,0.0025798099,0.002545816,0.0016970314,0.0024823002,0.0028056805,0.0022074126,0.00229611,0.0022122336,0.01818,2025-05-05 14:12:05.849557,1,0.0
0.0021696284,0.0020095785,0.0026210032,0.0025575594,0.0016942562,0.0025065253,0.002810877,0.0022207224,0.002310295,0.0022359318,0.01818,2025-05-05 14:12:05.912028,1,0.0
0.0021136312,0.0019679356,0.002657981,0.0025885997,0.001698806,0.0025598153,0.0028206438,0.0022433533,0.0023685435,0.0022600137,0.01818,2025-05-05 14:12:05.953738,1,0.0
0.002011281,0.0020028707,0.0026698008,0.0025775407,0.0017156304,0.002540231,0.0028043704,0.0022305984,0.0024130647,0.0022407412,0.01818,2025-05-05 14:12:05.994051,1,0.0
0.002043906,0.002034535,0.0026583385,0.0025857107,0.0017332679,0.0025426974,0.002819988,0.0023049752,0.0024036076,0.0022487738,0.01818,2025-05-05 14:12:06.036532,1,0.0
0.0020120891,0.002035542,0.0026518425,0.0025839007,0.0017392872,0.0025512879,0.0028037666,0.002341757,0.0023967035,0.0022505668,0.01818,2025-05-05 14:12:06.077919,1,0.0
0.0020785597,0.0020879717,0.0026575436,0.00260823,0.0017143437,0.002548343,0.002788576,0.0023039023,0.002410855,0.0022622766,0.01818,2025-05-05 14:12:06.120348,1,0.0
0.0020892574,0.0020460228,0.0027092427,0.002607606,0.0017088668,0.002517255,0.002801573,0.0022801498,0.0024201577,0.0022352494,0.01818,2025-05-05 14:12:06.181781,1,0.0
0.0020924776,0.0019971908,0.002731594,0.0026163445,0.001688114,0.0025108461,0.0028120766,0.002299618,0.0024352549,0.0022525133,0.01818,2025-05-05 14:12:06.223495,1,0.0
0.0021270204,0.0020597999,0.0027442249,0.002564694,0.0017612079,0.002494737,0.0028330213,0.0022996457,0.0023771273,0.0023069612,0.01818,2025-05-05 14:12:06.266300,1,0.0
0.002280033,0.001966133,0.0027745534,0.002511982,0.0015992498,0.0022156488,0.0027908203,0.00232351,0.002238726,0.0023579055,0.01818,2025-05-05 14:12:06.306772,1,0.0
0.0023431294,0.0019308024,0.0028017848,0.002469198,0.0016313569,0.0020895055,0.0026910033,0.0023600871,0.0022960599,0.0025051467,0.01818,2025-05-05 14:12:06.349599,1,0.0
0.0023673575,0.0018616546,0.0027680597,0.002495586,0.0016307341,0.002208924,0.002665475,0.0022744578,0.002352038,0.0026492071,0.01818,2025-05-05 14:12:06.412140,1,0.0
0.0024015934,0.0018818624,0.0028281233,0.0025356952,0.001648648,0.002196624,0.0026523774,0.0021704794,0.0023354215,0.0028305543,0.01818,2025-05-05 14:12:06.453630,1,0.0
0.0025418438,0.0018949639,0.0028585251,0.0025931278,0.0016854911,0.002104739,0.0026581925,0.00219193,0.002323567,0.0029026957,0.01818,2025-05-05 14:12:06.494317,1,0.0
0.002518019,0.001882131,0.0028712575,0.0025848122,0.0016953481,0.0019913719,0.002738044,0.0021317084,0.0023256005,0.0030225674,0.01818,2025-05-05 14:12:06.536589,1,0.0
0.002520475,0.0019283585,0.0028955934,0.0025462199,0.0017321242,0.0021308297,0.0028083946,0.0021097478,0.0023403524,0.0032768846,0.01818,2025-05-05 14:12:06.577781,1,0.0
0.0025069476,0.0019296107,0.0027478172,0.0025478962,0.0017686733,0.0021347934,0.0027436481,0.0021155137,0.0024038728,0.0031995797,0.01818,2025-05-05 14:12:06.620342,1,0.0
0.0024423697,0.0019764777,0.0027323538,0.0025446038,0.0018066525,0.0022891597,0.0027180137,0.002153862,0.0024256913,0.003128367,0.01818,2025-05-05 14:12:06.683404,1,0.0
0.002358328,0.002048357,0.0027609665,0.0025243796,0.0019044885,0.0022153526,0.0026813047,0.0021421176,0.002471367,0.00304181,0.01818,2025-05-05 14:12:06.724657,1,0.0
0.002412408,0.002064912,0.0028080572,0.0025232136,0.0018036952,0.0025494206,0.0027427445,0.0021880446,0.0024254443,0.0029258425,0.01818,2025-05-05 14:12:06.765657,1,0.0
0.0023478626,0.0020217947,0.002713583,0.002547822,0.0018276261,0.0026374278,0.0028406477,0.0022790579,0.0023871886,0.0026253443,0.01818,2025-05-05 14:12:06.807938,1,0.0
0.0022283169,0.0020430307,0.0025801468,0.0025383409,0.0018134145,0.0027802188,0.0028300597,0.002311196,0.002362884,0.0023862354,0.01818,2025-05-05 14:12:06.849646,1,0.0
0.0021226804,0.002111717,0.0026169752,0.0025758853,0.0017596685,0.0025612547,0.0028488603,0.0022798418,0.0022716909,0.0022629648,0.01818,2025-05-05 14:12:06.891122,1,0.0
0.0022484774,0.0021043688,0.0025955029,0.0025781146,0.001723296,0.0025892772,0.0028718691,0.0023282538,0.0022468043,0.0021981855,0.01818,2025-05-05 14:12:06.952539,1,0.0
0.0023157808,0.0020766126,0.0026355518,0.0025874004,0.0016688928,0.0027554396,0.002788046,0.0022638396,0.00228194,0.002111619,0.01818,2025-05-05 14:12:06.995683,1,0.0
0.0023900636,0.0020601116,0.002570578,0.0026030075,0.0016748436,0.0026658666,0.0027294646,0.0022397519,0.0023154994,0.0018913888,0.01818,2025-05-05 14:12:07.036239,1,0.0
0.0024146142,0.0020218804,0.00267357,0.0025879678,0.001632707,0.0025036195,0.0027374586,0.0022183345,0.0022573166,0.0021174562,0.01818,2025-05-05 14:12:07.077425,1,0.0
0.0023476977,0.0020780857,0.0025911923,0.002602981,0.0016282466,0.0024936777,0.002750046,0.002165074,0.0022570959,0.002178215,0.01818,2025-05-05 14:12:07.119519,1,0.0
0.0023888329,0.002100456,0.0025564826,0.0025834905,0.0016390156,0.002634572,0.0027789508,0.002190181,0.0022149445,0.002196783,0.01818,2025-05-05 14:12:07.181557,1,0.0
0.002449032,0.0021065602,0.0025231598,0.0026176104,0.0016876046,0.0027665454,0.0027891598,0.0022538572,0.0023220463,0.0022950654,0.01818,2025-05-05 14:12:07.223613,1,0.0
0.0025100538,0.0020441199,0.0025658193,0.002591811,0.0016936986,0.002637614,0.0027840717,0.0022715419,0.0023108232,0.0023920443,0.01818,2025-05-05 14:12:07.265187,1,0.0
0.0024580117,0.0020608243,0.0026603325,0.0026331167,0.001742803,0.0024768286,0.0027951705,0.0022989432,0.0023966609,0.002466244,0.01818,2025-05-05 14:12:07.306564,1,0.0
0.0024961147,0.0020818696,0.0026385803,0.0025221517,0.001740085,0.002508938,0.002804242,0.0022884074,0.0024247386,0.0024490762,0.01818,2025-05-05 14:12:07.349491,1,0.0
0.0025073728,0.0020396255,0.0026300822,0.0025056473,0.001749526,0.0025075704,0.002807579,0.0023199667,0.0023977717,0.0024315882,0.01818,2025-05-05 14:12:07.391170,1,0.0
0.0025287254,0.0020264243,0.0026157373,0.0025031024,0.0017368161,0.002511905,0.0028061294,0.0023315554,0.002396651,0.0024123252,0.01818,2025-05-05 14:12:07.452210,1,0.0
0.0024453225,0.0019660185,0.0026173159,0.0024778137,0.0017682827,0.0024875854,0.002818094,0.002340104,0.00241623,0.0024078013,0.01818,2025-05-05 14:12:07.495639,1,0.0
0.0024157157,0.001934613,0.0026131487,0.0024847968,0.0017275049,0.0024856525,0.002835175,0.0022962894,0.002334768,0.0022657306,0.01818,2025-05-05 14:12:07.537085,1,0.0
0.002383524,0.0019819462,0.0026224067,0.00250471,0.0017306748,0.0024684335,0.0028483206,0.0022783615,0.0023923807,0.0022634591,0.01818,2025-05-05 14:12:07.577455,1,0.0
0.0023753878,0.0019965195,0.0026411614,0.0025314228,0.001709936,0.0024634756,0.0028537873,0.0022555636,0.0023855658,0.002269531,0.01818,2025-05-05 14:12:07.620773,1,0.0
0.0022877876,0.0019899458,0.00261522,0.0025345893,0.0016919613,0.0024361068,0.0028507172,0.0022635176,0.0024038714,0.0022454723,0.01818,2025-05-05 14:12:07.662047,1,0.0
0.002369322,0.0019730155,0.0026004692,0.0025252977,0.0016858856,0.0024324625,0.002830127,0.0022723218,0.0024361813,0.0022196881,0.01818,2025-05-05 14:12:07.724655,1,0.0
0.0023487094,0.0020162691,0.0026173438,0.0025341485,0.0017151986,0.0024187765,0.0028248667,0.0022805738,0.002431558,0.00222399,0.01818,2025-05-05 14:12:07.766196,1,0.0
0.0022962422,0.0020326553,0.0026366601,0.0025871692,0.0017131383,0.0023980937,0.0028119532,0.002253471,0.0023892175,0.002210792,0.01818,2025-05-05 14:12:07.807823,1,0.0
0.0022551718,0.0019992387,0.0026375793,0.0025789053,0.0017484529,0.0024055294,0.002802068,0.0022565203,0.0023705568,0.0022406843,0.0,2025-05-05 14:12:07.849493,0,
0.002215659,0.0019715352,0.002649066,0.0026180665,0.0017330374,0.0024218522,0.0028223097,0.002226213,0.002333425,0.002228658,0.0,2025-05-05 14:12:07.889667,0,
0.0021937268,0.0019108021,0.0026856728,0.0026170984,0.0017687709,0.0024087578,0.0028201905,0.0022205815,0.0023402988,0.0022292242,0.0,2025-05-05 14:12:07.953600,0,
0.0021375278,0.0019043111,0.0026773494,0.0025906567,0.001753937,0.0024044388,0.0028148661,0.0021593915,0.0023331686,0.0022308214,0.0,2025-05-05 14:12:07.993859,0,
0.0021581757,0.001954659,0.0026649376,0.0025736406,0.0017621686,0.0023952557,0.0027996018,0.002149729,0.0023536456,0.0022536104,0.0,2025-05-05 14:12:08.036272,0,
0.0021237263,0.0019728034,0.002640217,0.0025532371,0.0017408889,0.0024067238,0.00279311,0.0021141714,0.0023378662,0.0022406925,0.0,2025-05-05 14:12:08.078590,0,
0.0021366272,0.0019691407,0.002640695,0.0025344563,0.001707568,0.0024414763,0.0028061143,0.0021468764,0.0023454388,0.0022490954,0.0,2025-05-05 14:12:08.118846,0,
0.0022445382,0.0020193693,0.0026530696,0.0025140864,0.0017362954,0.0024257547,0.0028207793,0.0021880998,0.0023521155,0.0022845408,0.0,2025-05-05 14:12:08.161937,0,
0.002277663,0.0020688127,0.0026327816,0.0025075772,0.0017388032,0.0024557884,0.002836678,0.002244323,0.002345045,0.0022800209,0.0,2025-05-05 14:12:08.224524,0,
0.0023536657,0.002116741,0.002617875,0.0025020759,0.0017217811,0.0024854653,0.0028437464,0.0022678152,0.0023222128,0.0022750706,0.0,2025-05-05 14:12:08.265469,0,
0.002281894,0.002084687,0.0026107063,0.0025025029,0.0017514027,0.0024572501,0.002828739,0.0023102683,0.002315214,0.0022675262,0.0,2025-05-05 14:12:08.308054,0,
0.002312363,0.002057859,0.0025915909,0.0024909151,0.0017415193,0.0024374956,0.002809942,0.0023141424,0.0023236927,0.0022431787,0.0,2025-05-05 14:12:08.348116,0,
0.0023033384,0.0020421366,0.0025934915,0.0024829635,0.0017455545,0.0024227197,0.0028241496,0.002358507,0.0023428265,0.0022574456,0.0,2025-05-05 14:12:08.391372,0,
0.0023474372,0.0020280487,0.0026074671,0.0025027457,0.0017487253,0.0024004935,0.0028213875,0.0023363966,0.0022987986,0.0022742138,0.0,2025-05-05 14:12:08.453733,0,
0.0023358222,0.0020141096,0.0026377193,0.0025114527,0.0017422951,0.0023859688,0.0028410123,0.0023169138,0.002324931,0.0022409225,0.0,2025-05-05 14:12:08.494104,0,
0.002299419,0.0020102009,0.0026665612,0.0025404817,0.0017501508,0.0023871427,0.0028542455,0.002280486,0.002341969,0.0022645944,0.0,2025-05-05 14:12:08.537154,0,
0.0022958582,0.0020181932,0.0026567674,0.0025572656,0.0017402362,0.002375446,0.0028432745,0.002257737,0.0023463252,0.002277775,0.0,2025-05-05 14:12:08.578836,0,
0.0023649982,0.0019834263,0.0026530696,0.002566718,0.0017658883,0.0023704162,0.00282927,0.002245414,0.0023320743,0.0022516914,0.0,2025-05-05 14:12:08.620474,0,
0.0023919956,0.0019816128,0.0026870472,0.0025684768,0.0017652974,0.002353239,0.002822999,0.002261833,0.0023003542,0.0022758725,0.0,2025-05-05 14:12:08.662000,0,
0.0023730446,0.001990257,0.0027080756,0.0025484855,0.0017458011,0.0023546158,0.002827822,0.0022018005,0.0023324066,0.0022989125,0.0,2025-05-05 14:12:08.724560,0,
0.0023055975,0.001955257,0.0026961716,0.002542494,0.0017606713,0.0023992846,0.002842987,0.0022077754,0.0023342292,0.0022788544,0.0,2025-05-05 14:12:08.765087,0,
0.0023196395,0.0020004788,0.0027095864,0.0025378652,0.0017473749,0.0024102335,0.0028426456,0.0021968097,0.0023730914,0.0022887224,0.0,2025-05-05 14:12:08.807837,0,
0.0023255807,0.0020339058,0.0027175222,0.0025625955,0.0017424248,0.002447902,0.0028311803,0.0022354529,0.0023764952,0.0022714066,0.0,2025-05-05 14:12:08.848817,0,
0.0023735256,0.002039186,0.0027392681,0.0025892882,0.0017255866,0.002474342,0.00283402,0.002254447,0.0023782921,0.002273407,0.0,2025-05-05 14:12:08.890764,0,
0.0023550277,0.0020494845,0.00275943,0.0025873606,0.0017377995,0.0025044407,0.0028350577,0.0022220076,0.0023704618,0.002275109,0.0,2025-05-05 14:12:08.931799,0,
0.0023311165,0.0020517388,0.0027297311,0.0025777179,0.001750077,0.0024965832,0.0028155942,0.002236971,0.0023661198,0.0022550784,0.0,2025-05-05 14:12:08.995615,0,
0.0023157499,0.0020511646,0.0026992487,0.0025890016,0.001802237,0.0024840357,0.0027975417,0.0022123428,0.0023764616,0.0022352869,0.0,2025-05-05 14:12:09.037317,0,
0.0023650893,0.0020126246,0.002690934,0.0025908109,0.0017991033,0.002470975,0.0027918739,0.0022333362,0.002369698,0.0022475012,0.0,2025-05-05 14:12:09.078647,0,
0.0023929044,0.0020286192,0.0027124991,0.0026206733,0.0018222929,0.0025039532,0.002810368,0.0022855632,0.0023533932,0.0022318712,0.0,2025-05-05 14:12:09.119064,0,
0.0024111958,0.002010214,0.0027243034,0.0026429447,0.00182685,0.00248683,0.0028236788,0.0023121985,0.00236499,0.0022116848,0.0,2025-05-05 14:12:09.160733,0,
0.0023585653,0.0019627756,0.002742626,0.0026211066,0.0018219627,0.0024891016,0.002812165,0.0022785473,0.0023626548,0.0022062145,0.0,2025-05-05 14:12:09.224175,0,
0.0023017633,0.0020097704,0.0027237372,0.0026190288,0.0018202033,0.0024728803,0.002827137,0.002293866,0.002355793,0.0022082815,0.0,2025-05-05 14:12:09.265708,0,
0.002268882,0.0020251852,0.0026930731,0.0025927878,0.0017979664,0.002466749,0.0028264816,0.0022892829,0.0023151424,0.0022162246,0.0,2025-05-05 14:12:09.306701,0,
0.0023406646,0.0019938357,0.0026973747,0.0025977928,0.0017664444,0.0024535838,0.0028250758,0.0022962939,0.0023466877,0.0022051407,0.0,2025-05-05 14:12:09.349653,0,
0.0023788277,0.0020323205,0.002662771,0.0025905508,0.0017660148,0.0024681147,0.0028143236,0.0022698948,0.0023079982,0.0022152665,0.0,2025-05-05 14:12:09.390613,0,
0.00233857,0.002058407,0.0026632734,0.0025695672,0.0017641234,0.002496366,0.0028206676,0.0022293057,0.0023465755,0.0022389076,0.0,2025-05-05 14:12:09.432873,0,
0.0023343826,0.002033812,0.002666327,0.0026032114,0.0017844002,0.0025061881,0.0028376367,0.0021749847,0.0023664488,0.0022302435,0.0,2025-05-05 14:12:09.495563,0,
0.0023505904,0.0020056956,0.0026624743,0.0025948067,0.0017531436,0.0025105844,0.0028543405,0.0021683269,0.0023546803,0.0022121568,0.0,2025-05-05 14:12:09.537080,0,
0.0023705151,0.0020151476,0.0026393875,0.002582062,0.0017626572,0.002481371,0.0028438852,0.0021486522,0.002328055,0.0021988133,0.0,2025-05-05 14:12:09.578326,0,
0.0024939748,0.0020100633,0.0026475166,0.0025887573,0.0017721325,0.002476475,0.00282313,0.002133366,0.0023436518,0.0022297462,0.0,2025-05-05 14:12:09.619270,0,
0.0024075764,0.0020219411,0.0026551923,0.0025772175,0.0017717212,0.0024716072,0.0028306083,0.0021059068,0.0023641132,0.0022390164,0.0,2025-05-05 14:12:09.660713,0,
0.0023548529,0.0020570797,0.0026903255,0.0025805582,0.0017969348,0.0024544827,0.0028144158,0.0021398105,0.002353611,0.0022322694,0.0,2025-05-05 14:12:09.702372,0,
0.0023244433,0.0020705936,0.0027085966,0.002570271,0.0017880803,0.0024164398,0.0028162021,0.0021837912,0.0023623512,0.0022145954,0.0,2025-05-05 14:12:09.765146,0,
0.0022809927,0.0020492154,0.0027181953,0.0026047395,0.0017957303,0.0024420484,0.0028291414,0.002185988,0.0023714905,0.0022305546,0.0,2025-05-05 14:12:09.806616,0,
0.0022785012,0.0020399264,0.0027068406,0.0026036948,0.0018120625,0.0024396463,0.0028554196,0.0021659124,0.0023450092,0.0022119374,0.0,2025-05-05 14:12:09.848867,0,
0.0022954338,0.0019982401,0.0027188198,0.0026047404,0.0018089883,0.002418903,0.0028441856,0.0021955334,0.0023551264,0.0021900714,0.0,2025-05-05 14:12:09.890877,0,
0.002208263,0.0020003421,0.0027191292,0.002581675,0.0018090396,0.0024014325,0.0028302185,0.0022019034,0.002354443,0.0021998654,0.0,2025-05-05 14:12:09.931815,0,
0.002170191,0.0019442098,0.0027066679,0.0025637047,0.0017716906,0.0024141667,0.0028327906,0.0022139405,0.002333861,0.0022042822,0.0,2025-05-05 14:12:09.994505,0,
0.0021967909,0.0019510582,0.0027142104,0.0025659981,0.0017705994,0.0024192021,0.0028234771,0.0022453915,0.0023288901,0.0022029064,0.0,2025-05-05 14:12:10.036014,0,
0.002222568,0.001974494,0.0027134486,0.0025700545,0.0017635014,0.0024305899,0.0028112328,0.0022883054,0.0023328473,0.0021909748,0.0,2025-05-05 14:12:10.077635,0,
0.0021654575,0.0019847266,0.0027326252,0.002600004,0.0017562422,0.0024437953,0.0027933924,0.0022803023,0.0023427443,0.0021884243,0.0,2025-05-05 14:12:10.119500,0,
0.0022115314,0.0020232103,0.002715047,0.0025740275,0.0017511777,0.0024354777,0.002788627,0.0022682576,0.0023546037,0.0021960798,0.0,2025-05-05 14:12:10.162469,0,
0.0022393097,0.0020603745,0.0026995104,0.0025424997,0.0017538315,0.0024109895,0.0028020877,0.0022858377,0.0023348927,0.0021964046,0.0,2025-05-05 14:12:10.203747,0,
0.0021738382,0.0020856867,0.0027321293,0.002537044,0.0017275148,0.0024138507,0.0027907582,0.002248831,0.0023435012,0.002176479,0.0,2025-05-05 14:12:10.266840,0,
0.0023073396,0.0020807644,0.0027382209,0.0025472431,0.0017565712,0.0024135702,0.0027669892,0.0021912248,0.002354106,0.0021861915,0.0,2025-05-05 14:12:10.307685,0,
0.0022618752,0.0020758787,0.0027279828,0.0025485137,0.0017202653,0.002432014,0.0027738172,0.0022029376,0.0023548077,0.002187523,0.0,2025-05-05 14:12:10.349694,0,
0.002266952,0.0020799402,0.0027079892,0.0025514492,0.0017108102,0.0024138761,0.002787813,0.0021472217,0.002354904,0.0021857,0.0,2025-05-05 14:12:10.391381,0,
0.002313538,0.002047562,0.0026920487,0.0025886085,0.0017172216,0.0024025145,0.0028128936,0.0021159684,0.0023359123,0.0021938987,0.0,2025-05-05 14:12:10.432983,0,
0.0022844882,0.0020221793,0.0026915653,0.0025920554,0.001720671,0.0023905693,0.0028235489,0.0020737,0.0023417664,0.0021995108,0.0,2025-05-05 14:12:10.472926,0,
0.0023055857,0.0020120412,0.0026794444,0.0026017292,0.0017607519,0.002392012,0.0028467542,0.002100676,0.0023354986,0.0021982293,0.0,2025-05-05 14:12:10.537031,0,
0.002201685,0.0020067564,0.0026794346,0.002600245,0.0017775324,0.0024033652,0.0028568264,0.0020875921,0.0023308587,0.002190143,0.0,2025-05-05 14:12:10.578676,0,
0.0022189275,0.0020523837,0.0026652038,0.0025866632,0.0018015347,0.002404387,0.0028490713,0.0020965405,0.002332179,0.0021860527,0.0,2025-05-05 14:12:10.620569,0,
0.0022018878,0.0020373587,0.0027007288,0.0025889752,0.0018247237,0.0023926608,0.0028389338,0.0021632232,0.0023355607,0.002180499,0.0,2025-05-05 14:12:10.662228,0,
0.00213387,0.0020384677,0.0026756816,0.0026205282,0.0018227204,0.0024072553,0.0028276313,0.0022489596,0.0022938247,0.0021994326,0.0,2025-05-05 14:12:10.703903,0,
0.002135137,0.0020446866,0.0026907441,0.0026187447,0.0018288823,0.0024174636,0.002837968,0.002299578,0.0022664901,0.002196431,0.0,2025-05-05 14:12:10.765681,0,
0.002137572,0.0020593689,0.0026619928,0.0026083083,0.0017998418,0.002422722,0.002836324,0.0023266152,0.002304721,0.0022072515,0.0,2025-05-05 14:12:10.806513,0,
0.0020821805,0.002047804,0.0026665959,0.002600377,0.0017622355,0.0023923537,0.0028247943,0.0023262515,0.0022804732,0.0022360885,0.0,2025-05-05 14:12:10.848196,0,
0.00214885,0.0020502522,0.002723113,0.0025522707,0.0017845491,0.002263611,0.0028371585,0.0023913216,0.0022831543,0.0021255421,0.0,2025-05-05 14:12:10.889768,0,
0.0021821074,0.0020523851,0.0027691482,0.0025380733,0.0017510362,0.0022592668,0.002800715,0.0023962427,0.0023275826,0.0022659008,0.0,2025-05-05 14:12:10.931546,0,
0.0022312813,0.0020152696,0.0026192053,0.0025556588,0.0017330506,0.0023189194,0.0028054575,0.0024829698,0.0024286848,0.002170139,0.0,2025-05-05 14:12:10.973243,0,
0.0023293747,0.0020193702,0.002670606,0.0025276185,0.0017749302,0.0024264827,0.0027974984,0.0024585996,0.0024274788,0.0020060886,0.0,2025-05-05 14:12:11.036108,0,
0.0023265246,0.0020815178,0.0026411393,0.0025496765,0.0018448022,0.0023695223,0.0028049168,0.002366954,0.0024517642,0.002101736,0.0,2025-05-05 14:12:11.077492,0,
0.0023580517,0.002028926,0.0027061882,0.002572041,0.001839573,0.0023123554,0.002771932,0.002359984,0.0025180366,0.0021603757,0.0,2025-05-05 14:12:11.119340,0,
0.0023921663,0.0020574087,0.0027773452,0.0025661169,0.001864227,0.002241523,0.0027516945,0.0023895595,0.002453165,0.0021789195,0.0,2025-05-05 14:12:11.162247,0,
0.0023727901,0.0020497784,0.002763459,0.0025733863,0.0018555957,0.002426108,0.0027780288,0.0023457555,0.0024764314,0.0022038422,0.0,2025-05-05 14:12:11.204255,0,
0.0023572792,0.002013801,0.0027954115,0.0025671446,0.0018101996,0.002510123,0.0027789692,0.0023534603,0.002552133,0.0021551566,0.0,2025-05-05 14:12:11.244373,0,
0.0023113645,0.0019944059,0.0027134935,0.0025522541,0.0017802248,0.0024460685,0.0027660925,0.002330192,0.0024530112,0.0023006867,0.0,2025-05-05 14:12:11.307177,0,
0.0022224484,0.0019922021,0.0027055452,0.0025556046,0.0017469595,0.0023854806,0.0027194726,0.0022968894,0.0023355137,0.0024613426,0.0,2025-05-05 14:12:11.349516,0,
0.002170364,0.0020417275,0.0026833965,0.002532782,0.001759062,0.0026034135,0.0027560734,0.0022978324,0.0022568444,0.0022257783,0.0,2025-05-05 14:12:11.390071,0,
0.0022367025,0.0019865592,0.0028324157,0.0025369204,0.0016875378,0.002902521,0.0027273155,0.0023670339,0.0022667695,0.002277151,0.0,2025-05-05 14:12:11.432939,0,
0.0023383964,0.0019805261,0.0029447875,0.002520504,0.0017474595,0.0028141765,0.002759684,0.0023142903,0.0022822137,0.0025985236,0.0,2025-05-05 14:12:11.472944,0,
0.002387722,0.0019646757,0.0028889757,0.0024897794,0.0017883675,0.0027102216,0.002830884,0.0022692953,0.0020984216,0.0025087874,0.0,2025-05-05 14:12:11.537281,0,
0.002398247,0.001936096,0.002856253,0.0024721278,0.0018046936,0.0025970885,0.0028465448,0.0022178262,0.0021674775,0.0024308434,0.0,2025-05-05 14:12:11.578793,0,
0.0024422263,0.0019654382,0.0027558333,0.0024878597,0.0018479074,0.002625538,0.0028823975,0.0022134166,0.0021856495,0.0023921307,0.0,2025-05-05 14:12:11.620263,0,
0.0024514587,0.001994716,0.0028122421,0.0024949228,0.0018925164,0.0025475612,0.0028665701,0.002238584,0.0022563483,0.002361034,0.0,2025-05-05 14:12:11.661638,0,
0.002383344,0.002006478,0.0028423865,0.0025176262,0.0018851316,0.002547304,0.0029012996,0.0022975237,0.0023499278,0.0024342416,0.0,2025-05-05 14:12:11.703820,0,
0.0022911313,0.0020522287,0.0028794364,0.002561051,0.0019061206,0.0026879692,0.0029259296,0.0023686294,0.0023694334,0.0022990792,0.0,2025-05-05 14:12:11.745376,0,
0.0024524813,0.002063512,0.0028615864,0.0025758445,0.0018657439,0.0027944646,0.0029267024,0.0023921863,0.002342132,0.0022443824,0.0,2025-05-05 14:12:11.807773,0,
0.0023829346,0.0021161032,0.002769548,0.002594199,0.0018778245,0.0024705485,0.002906171,0.0023643703,0.0024301826,0.0023475497,0.0,2025-05-05 14:12:11.849656,0,
0.0023343696,0.0021005508,0.0027109683,0.002594417,0.0017963868,0.0022922545,0.002894164,0.0023684583,0.0024694593,0.002332029,0.0,2025-05-05 14:12:11.891022,0,
0.002340212,0.002128278,0.0026461552,0.0026069756,0.0017756681,0.0028578914,0.0028610304,0.002319679,0.0025159824,0.002180646,0.0,2025-05-05 14:12:11.931548,0,
0.0023623644,0.0020462074,0.0026812472,0.0025378414,0.0017333535,0.0024690842,0.0027996995,0.0022529017,0.0024033124,0.0021682465,0.0,2025-05-05 14:12:11.973193,0,
0.0023599043,0.002004889,0.0026802209,0.002538406,0.0017194155,0.0024918832,0.002811786,0.0022498851,0.0023767252,0.002194925,0.0,2025-05-05 14:12:12.015017,0,
0.0024637152,0.0019831315,0.0026457666,0.0025548553,0.0017202325,0.0024876508,0.002787768,0.0022166574,0.0023860713,0.0022109626,0.0,2025-05-05 14:12:12.077060,0,
0.0025601978,0.0019897425,0.002623603,0.002555675,0.0017606115,0.0024927084,0.002776794,0.002195874,0.0023789792,0.002232261,0.0,2025-05-05 14:12:12.118798,0,
0.0025014176,0.0019808314,0.00262269,0.0025226343,0.001767815,0.002472153,0.00276891,0.0021705616,0.0023423724,0.0022048103,0.0,2025-05-05 14:12:12.160476,0,
0.0024112891,0.0020117762,0.0025989923,0.002512518,0.0017803436,0.0024351724,0.00276143,0.0021500674,0.0023371668,0.0021926088,0.0,2025-05-05 14:12:12.202175,0,
0.002364808,0.0020368728,0.0025912276,0.002536335,0.0018229003,0.0024457548,0.002762121,0.0021539421,0.0023492833,0.0022011858,0.0,2025-05-05 14:12:12.243755,0,
0.002436277,0.0020154577,0.0025979683,0.0025314335,0.0018320411,0.0024654982,0.0027684749,0.0021664053,0.0023319635,0.002180861,0.0,2025-05-05 14:12:12.306284,0,
0.0023346914,0.002026776,0.0026071547,0.002544991,0.0017841037,0.002453039,0.0027731191,0.002189655,0.002331673,0.0022043453,0.0,2025-05-05 14:12:12.347973,0,
0.002224361,0.002012783,0.0026073393,0.0025789265,0.0017597525,0.0024490608,0.0027914573,0.0021677427,0.0023152113,0.0022184022,0.0,2025-05-05 14:12:12.389979,0,
0.0022595627,0.0019684688,0.0026252032,0.0026001553,0.001746332,0.002426403,0.0028063275,0.0021892206,0.0023407128,0.002220475,0.0,2025-05-05 14:12:12.431717,0,
0.0023088339,0.0019605528,0.0026352375,0.0025894314,0.0017208353,0.0024342767,0.0028144144,0.002201091,0.0023208226,0.002205951,0.01818,2025-05-05 14:12:12.473462,1,1.0
0.0023378504,0.0019685351,0.002663451,0.0025993194,0.0017047795,0.002410418,0.0028163227,0.0022188653,0.0023601928,0.00219694,0.01818,2025-05-05 14:12:12.515086,1,1.0
0.0023546892,0.002000467,0.002669828,0.0025881557,0.0017192741,0.0024169902,0.0028190261,0.002233719,0.0023722553,0.0022029206,0.01818,2025-05-05 14:12:12.577836,1,1.0
0.0023033305,0.0020220391,0.0026760388,0.0025929967,0.0016961932,0.0024452563,0.0027970758,0.0022619541,0.0023868876,0.0022144055,0.01818,2025-05-05 14:12:12.619320,1,1.0
0.002310988,0.0020490352,0.002681738,0.0025925054,0.0016957256,0.0024318818,0.0028040323,0.0022824025,0.0023789674,0.0022266358,0.01818,2025-05-05 14:12:12.660883,1,1.0
0.0023857893,0.002138822,0.0026533336,0.0025420184,0.0017376216,0.0024233744,0.0027936115,0.002279448,0.0023677927,0.002236074,0.01818,2025-05-05 14:12:12.702367,1,1.0
0.002404267,0.002139178,0.0026696993,0.0025384359,0.0017621832,0.0024321487,0.0027988958,0.0022720369,0.0023657428,0.0022407172,0.01818,2025-05-05 14:12:12.744085,1,1.0
0.0023766577,0.0021524627,0.0026604019,0.0025195056,0.0017516821,0.0024077503,0.0027909474,0.0022823405,0.0023644262,0.002199569,0.01818,2025-05-05 14:12:12.785727,1,1.0
0.0023821457,0.0021347818,0.0026616326,0.0025056226,0.0017800198,0.002421534,0.0027782144,0.0022318137,0.00237507,0.0021655164,0.01818,2025-05-05 14:12:12.848401,1,1.0
0.0024082141,0.0020845467,0.0026221941,0.0024879281,0.0017861008,0.0024164512,0.0027626823,0.0022358408,0.002387132,0.0021686964,0.01818,2025-05-05 14:12:12.890276,1,1.0
0.0023611402,0.0019544864,0.0026099032,0.0025071783,0.0017913857,0.0024071378,0.0027540333,0.0021896954,0.0023739533,0.0021744354,0.01818,2025-05-05 14:12:12.931797,1,1.0
0.0023497143,0.0019424709,0.002616542,0.0025064126,0.0017774595,0.0023760935,0.0027775622,0.002144681,0.0023703394,0.0021806962,0.01818,2025-05-05 14:12:12.973467,1,1.0
0.0023058453,0.0018966341,0.0026137528,0.0025407637,0.0017922403,0.0023572284,0.002813014,0.0021344083,0.0023799697,0.0022111102,0.01818,2025-05-05 14:12:13.015311,1,1.0
0.0022736832,0.0018935336,0.0026226155,0.0025594097,0.0017589909,0.002379836,0.0028212273,0.002177543,0.0023904433,0.0021931666,0.01818,2025-05-05 14:12:13.077580,1,1.0
0.00221581,0.0018189216,0.0026659302,0.002577969,0.0017544823,0.002359551,0.0028131285,0.0022200511,0.0023504805,0.0021935266,0.01818,2025-05-05 14:12:13.119161,1,1.0
0.002130212,0.0018336613,0.0026494786,0.0025752194,0.0017632595,0.0024087094,0.0028211465,0.0022254926,0.0023363752,0.0021706878,0.01818,2025-05-05 14:12:13.160965,1,1.0
0.0021031878,0.0018257258,0.0026694846,0.0025778497,0.0017585126,0.002418258,0.0028265924,0.0022120844,0.002332822,0.0021631937,0.01818,2025-05-05 14:12:13.202434,1,1.0
0.0021115968,0.001886265,0.0026753831,0.0025742478,0.0017529,0.0023928063,0.002832407,0.002275881,0.0023759026,0.002180097,0.01818,2025-05-05 14:12:13.243944,1,1.0
0.0021413888,0.001953927,0.0026489526,0.002553577,0.0017626317,0.0024059236,0.0028308989,0.0022539592,0.0024063794,0.002192002,0.01818,2025-05-05 14:12:13.285316,1,1.0
0.0022228162,0.0019656233,0.0026648813,0.0025123113,0.0017516987,0.0024003114,0.0028329864,0.0022443417,0.002416611,0.0021816106,0.01818,2025-05-05 14:12:13.348162,1,1.0
0.002365662,0.0019729116,0.0026399638,0.0025354137,0.0017364399,0.0024106791,0.002836663,0.0022923944,0.0024229018,0.002204018,0.01818,2025-05-05 14:12:13.389996,1,1.0
0.0023661824,0.0019995028,0.0025930358,0.0025294647,0.001713604,0.0024182044,0.0028323452,0.0023011065,0.0024144491,0.0021856802,0.01818,2025-05-05 14:12:13.431757,1,1.0
0.0023256838,0.001998553,0.0026027306,0.0025063558,0.0016908828,0.002405209,0.002818222,0.002329687,0.002428687,0.002149922,0.01818,2025-05-05 14:12:13.473532,1,1.0
0.0022946117,0.0020103334,0.0026078413,0.0024844955,0.0016894062,0.0024137606,0.002811943,0.0023699903,0.0024092358,0.0021549084,0.01818,2025-05-05 14:12:13.514526,1,1.0
0.0023064734,0.0019928822,0.0025879703,0.0025057644,0.0016916755,0.002415154,0.002807234,0.0024075918,0.002364854,0.002165331,0.01818,2025-05-05 14:12:13.556272,1,1.0
0.0023402213,0.0019365315,0.0026150343,0.002520889,0.0016795174,0.0023982686,0.0028220278,0.002438219,0.002327056,0.0021646775,0.01818,2025-05-05 14:12:13.618781,1,1.0
0.0024272206,0.0019278441,0.002606577,0.0025463318,0.0016818447,0.002406282,0.0028217866,0.0024354174,0.0023134018,0.0021776927,0.01818,2025-05-05 14:12:13.660414,1,1.0
0.0024697306,0.0019149187,0.0026548265,0.0025686622,0.0017111307,0.0024330735,0.002828508,0.002428587,0.0023208049,0.0021808872,0.01818,2025-05-05 14:12:13.702330,1,1.0
0.0024312257,0.0019786975,0.002686975,0.0025628437,0.0017317281,0.002428445,0.002824033,0.0023775552,0.0023456756,0.0021781507,0.01818,2025-05-05 14:12:13.743850,1,1.0
0.002427887,0.0019919632,0.002687931,0.0025925557,0.0017334742,0.0024418754,0.0028280988,0.0023330275,0.0023136146,0.002186474,0.01818,2025-05-05 14:12:13.785410,1,1.0
0.0025268677,0.0019884363,0.0026749056,0.0026053493,0.0017580972,0.0024396053,0.002845256,0.0023274177,0.0023139133,0.0021436955,0.01818,2025-05-05 14:12:13.847944,1,1.0
0.0024697832,0.0019523223,0.0026990161,0.002586129,0.0017706337,0.0024539165,0.0028174224,0.0023394157,0.002341302,0.0021554402,0.01818,2025-05-05 14:12:13.889830,1,1.0
0.0025605785,0.0019871686,0.0026952287,0.0025810862,0.0017468355,0.0024254785,0.0028160838,0.002283787,0.002373639,0.0021660796,0.01818,2025-05-05 14:12:13.931308,1,1.0
0.0025598155,0.0020123753,0.0026823506,0.0025355683,0.00176505,0.002416478,0.0028033105,0.00226418,0.002329918,0.0021514483,0.01818,2025-05-05 14:12:13.972900,1,1.0
0.0024853349,0.0020411382,0.0026963193,0.002543659,0.001797691,0.0024243616,0.0028143642,0.0022675744,0.002354739,0.0021409653,0.01818,2025-05-05 14:12:14.014566,1,1.0
0.002501868,0.0020249218,0.0026754865,0.0025222467,0.0017841312,0.0024597049,0.0027825418,0.0023032255,0.0023372911,0.002152205,0.01818,2025-05-05 14:12:14.056219,1,1.0
0.0024535037,0.0020450805,0.0026880414,0.002510546,0.0018103987,0.0024567393,0.0027806798,0.0023399305,0.0023433836,0.0021526886,0.01818,2025-05-05 14:12:14.118713,1,1.0
0.0023843253,0.0020474854,0.0026342287,0.0025033355,0.0018518702,0.0024355713,0.002771497,0.0023050394,0.0023326655,0.002142094,0.01818,2025-05-05 14:12:14.160419,1,1.0
0.002389296,0.002091739,0.00259673,0.0025000994,0.0018672908,0.0024282662,0.002770337,0.0022913048,0.0023306028,0.0021373183,0.01818,2025-05-05 14:12:14.202060,1,1.0
0.002346416,0.0021093907,0.002587396,0.0025059879,0.0018661,0.00242503,0.0027760507,0.0022935602,0.0023208878,0.0021331324,0.01818,2025-05-05 14:12:14.243759,1,1.0
0.0023415817,0.0021294276,0.0025888125,0.0025279464,0.0018678078,0.0024261922,0.0027786507,0.0023289914,0.0023080895,0.0021625042,0.01818,2025-05-05 14:12:14.285431,1,1.0
0.0023368553,0.0021185963,0.0025805682,0.0025839983,0.0018445058,0.0024357033,0.0028287384,0.0023679254,0.0023163194,0.0021733548,0.01818,2025-05-05 14:12:14.327310,1,1.0
0.0022422995,0.0021521219,0.0025896656,0.0025737952,0.0017987323,0.002444412,0.002830697,0.0023412786,0.0023384178,0.0021655818,0.01818,2025-05-05 14:12:14.390334,1,1.0
0.0021039238,0.0021422093,0.0025931597,0.002598917,0.0017800537,0.0024451732,0.0028354088,0.0023403806,0.002325399,0.0021482843,0.01818,2025-05-05 14:12:14.432357,1,1.0
0.001998245,0.002127388,0.0025923874,0.0025909604,0.0017719006,0.0024335787,0.0028384582,0.002346326,0.0023329805,0.0021404687,0.01818,2025-05-05 14:12:14.473478,1,1.0
0.0019417015,0.0020650742,0.0025682843,0.0025939168,0.001767895,0.002432683,0.0028566297,0.002325925,0.002335619,0.0021228914,0.01818,2025-05-05 14:12:14.515182,1,1.0
0.0020231514,0.0020011235,0.0025758871,0.0026159876,0.0017841429,0.0024382854,0.002848296,0.0023577744,0.0023480218,0.002133727,0.01818,2025-05-05 14:12:14.556727,1,1.0
0.0020655105,0.001993516,0.0025787526,0.0025930337,0.0017818308,0.002448855,0.00283599,0.0023158132,0.0023462174,0.0021509172,0.01818,2025-05-05 14:12:14.619470,1,1.0
0.0020691284,0.001980339,0.0025935525,0.0025840383,0.0017699137,0.0024580471,0.0028081548,0.002215548,0.0023766332,0.0021523521,0.01818,2025-05-05 14:12:14.660694,1,1.0
0.0021130315,0.0019511544,0.0025951383,0.0025845014,0.0017497515,0.0024409392,0.0028138598,0.0021793658,0.0023793904,0.002153445,0.01818,2025-05-05 14:12:14.702429,1,1.0
0.0022092368,0.0020435886,0.002633161,0.0025856968,0.0017316538,0.0024422093,0.0027809015,0.0021321953,0.002393346,0.0021528387,0.01818,2025-05-05 14:12:14.744011,1,1.0
0.002275466,0.0020840403,0.002609638,0.0025591212,0.0017120342,0.00243126,0.002756765,0.0021362354,0.002371216,0.0021489284,0.01818,2025-05-05 14:12:14.785653,1,1.0
0.0022058152,0.0021146506,0.0026192048,0.0025542413,0.0017031046,0.0024471362,0.0027568173,0.0021411686,0.0023826354,0.0021667653,0.01818,2025-05-05 14:12:14.827604,1,1.0
0.0021637687,0.0021148582,0.0026319977,0.0025473821,0.0017232654,0.0024304008,0.0027778517,0.0021861508,0.0023642487,0.0021887368,0.01818,2025-05-05 14:12:14.889813,1,1.0
0.0022239522,0.0021307126,0.0026740835,0.0025740964,0.0017591257,0.0024475388,0.002788307,0.0022243452,0.0023428106,0.0021915883,0.01818,2025-05-05 14:12:14.931436,1,1.0
0.0022659856,0.0020896003,0.002679118,0.002619015,0.0018039515,0.0024446666,0.002786125,0.0022822043,0.0023416057,0.0021951299,0.01818,2025-05-05 14:12:14.973040,1,1.0
0.002267106,0.0020580578,0.0026760725,0.0026209606,0.0018283239,0.002466055,0.0027731326,0.002335141,0.0023122958,0.002175392,0.01818,2025-05-05 14:12:15.014862,1,1.0
0.0022690548,0.0020288208,0.0026792893,0.0025962896,0.0018348517,0.0024763013,0.0027832577,0.0023369289,0.0022945134,0.002165198,0.01818,2025-05-05 14:12:15.056459,1,1.0
0.0023074807,0.0020214554,0.0026756756,0.0025909056,0.0018304434,0.0024635,0.002789667,0.0023151722,0.002348799,0.0021794226,0.01818,2025-05-05 14:12:15.119104,1,1.0
0.0022279548,0.001962236,0.0026790416,0.0025789374,0.0018058445,0.0024717937,0.00279047,0.0023724616,0.0023504104,0.0021939445,0.01818,2025-05-05 14:12:15.160372,1,1.0
0.002273731,0.0020093666,0.0026802358,0.0025428967,0.0017877398,0.0024767541,0.0027981647,0.0023075636,0.0023752244,0.0021886523,0.01818,2025-05-05 14:12:15.202016,1,1.0
0.0022680103,0.0020212377,0.002689219,0.0025084217,0.0017483907,0.0024455548,0.002790417,0.0023081775,0.002375509,0.0021721367,0.01818,2025-05-05 14:12:15.243968,1,1.0
0.0022575723,0.0020230259,0.0026591106,0.0025043993,0.0017436531,0.0024436794,0.0027893502,0.0023230072,0.0023812,0.0021645504,0.01818,2025-05-05 14:12:15.286027,1,1.0
0.002284938,0.0020072076,0.0026595523,0.002501732,0.0017747375,0.0024440743,0.002776735,0.0023037938,0.0023828829,0.0021713995,0.01818,2025-05-05 14:12:15.327242,1,1.0
0.0022359567,0.002013489,0.0026715766,0.0024833574,0.0017765264,0.0024645003,0.0027635877,0.0023196707,0.0023685812,0.002161113,0.01818,2025-05-05 14:12:15.389843,1,1.0
0.0022384373,0.002011097,0.0026604724,0.0025181011,0.001792691,0.0024433671,0.002762461,0.0022652594,0.0023433694,0.002180672,0.01818,2025-05-05 14:12:15.431199,1,1.0
0.002266691,0.0020333347,0.0026327253,0.0025221785,0.0017910122,0.0024352642,0.0027798035,0.0022088704,0.0023636187,0.0021780126,0.01818,2025-05-05 14:12:15.472979,1,1.0
0.00232919,0.002015674,0.0026269641,0.002528025,0.0018329431,0.0024289105,0.0027717801,0.002180276,0.0023556408,0.0021827698,0.01818,2025-05-05 14:12:15.514553,1,1.0
0.002347201,0.0019819862,0.0026774632,0.0025429665,0.0018141681,0.0024518757,0.0027963605,0.0022011325,0.002346467,0.0022051428,0.01818,2025-05-05 14:12:15.556196,1,1.0
0.0023690548,0.0019451409,0.0027006816,0.0025653571,0.0018389503,0.0024617186,0.0028085592,0.0022504996,0.0023613945,0.0022101267,0.01818,2025-05-05 14:12:15.598137,1,1.0
0.002453521,0.001974354,0.0027166351,0.0025516874,0.0018194135,0.002455769,0.0028183307,0.0022767736,0.0023934278,0.0022302612,0.01818,2025-05-05 14:12:15.660736,1,1.0
0.0024990225,0.001953655,0.0027158,0.0025762608,0.0017910793,0.0024622057,0.0028202455,0.0023200049,0.0023875865,0.002251238,0.01818,2025-05-05 14:12:15.702372,1,1.0
0.0024085424,0.0019344415,0.0027086013,0.002561899,0.0017825041,0.002475133,0.0028079525,0.002262462,0.0023932378,0.0022370636,0.01818,2025-05-05 14:12:15.743805,1,1.0
0.0024203514,0.0019592904,0.0027114733,0.0025641776,0.0018088556,0.0024656216,0.0028029075,0.002247431,0.0024070616,0.0022612265,0.01818,2025-05-05 14:12:15.785346,1,1.0
0.002433499,0.0020326073,0.0027085284,0.002579691,0.0017632983,0.002470029,0.0028022116,0.0022493838,0.0024153427,0.002244913,0.01818,2025-05-05 14:12:15.826992,1,1.0
0.0024243759,0.0020327868,0.002750652,0.0025833275,0.0017736892,0.0024491881,0.0028004842,0.0022268314,0.0023751466,0.002228803,0.01818,2025-05-05 14:12:15.889786,1,1.0
0.002312868,0.002095678,0.0027694579,0.002596214,0.0017615459,0.0024579472,0.0027914387,0.0022401742,0.0023722758,0.0022377705,0.01818,2025-05-05 14:12:15.931425,1,1.0
0.0023465757,0.002132628,0.0027144721,0.0026055893,0.0017983179,0.0024383126,0.002825804,0.002195829,0.002362508,0.0022324184,0.01818,2025-05-05 14:12:15.973104,1,1.0
0.002357772,0.0020936406,0.0027088884,0.0025687602,0.0017709637,0.0024525383,0.0028126526,0.0021017827,0.0023495352,0.00218176,0.01818,2025-05-05 14:12:16.014836,1,1.0
0.0023665477,0.0020255,0.0026788828,0.0025698035,0.0017778081,0.002428405,0.0027998947,0.0020621747,0.0023585495,0.0021890814,0.01818,2025-05-05 14:12:16.056990,1,1.0
0.0024024686,0.0020097324,0.0026718308,0.0025224227,0.0017663395,0.0024000204,0.0027741662,0.0021165176,0.002388885,0.0021764874,0.01818,2025-05-05 14:12:16.097879,1,1.0
0.0024026763,0.0019791608,0.0026705165,0.0024989329,0.0017653791,0.0023793604,0.0027748141,0.0021250118,0.0023726553,0.002178852,0.01818,2025-05-05 14:12:16.160596,1,1.0
0.002420956,0.0020069163,0.0027057163,0.0025286337,0.001757291,0.0023715617,0.0027921475,0.0020759553,0.002337216,0.0021722815,0.01818,2025-05-05 14:12:16.203124,1,1.0
0.0023707568,0.002040991,0.002707228,0.002517135,0.0017424206,0.0023599635,0.0027990884,0.002055205,0.0023160644,0.00215088,0.01818,2025-05-05 14:12:16.243956,1,1.0
0.0023440032,0.0020748277,0.0027459236,0.0025238518,0.0016979431,0.0023599474,0.002803558,0.0020792256,0.0023401752,0.0021772792,0.01818,2025-05-05 14:12:16.285607,1,1.0
0.0022163137,0.0020627342,0.0027483911,0.002535826,0.0017136168,0.002361956,0.0027878177,0.0021003864,0.0023480677,0.0021864441,0.01818,2025-05-05 14:12:16.327455,1,1.0
0.0022184423,0.0020819674,0.0027347554,0.0025022128,0.0017220393,0.0023857919,0.0027849611,0.0021709886,0.0023694937,0.0021895873,0.01818,2025-05-05 14:12:16.368988,1,1.0
0.0022701654,0.0020809064,0.0027870454,0.002521907,0.0017321053,0.002403896,0.0027518515,0.0021970405,0.0024050702,0.002181242,0.01818,2025-05-05 14:12:16.431536,1,1.0
0.0022956016,0.002042439,0.0027654793,0.002524571,0.0017444865,0.002429961,0.0027560114,0.0022221054,0.002392441,0.0022071295,0.01818,2025-05-05 14:12:16.473154,1,1.0
0.0022461382,0.0019838847,0.0027530626,0.0025564076,0.0017427024,0.0024600916,0.0027792822,0.0022477913,0.00239807,0.0021808555,0.01818,2025-05-05 14:12:16.514912,1,1.0
0.0022185647,0.0019897218,0.0027310217,0.002567535,0.0017733865,0.002473045,0.0028018274,0.0023173098,0.0024463092,0.0021755614,0.01818,2025-05-05 14:12:16.556639,1,1.0
0.0022332498,0.0019543634,0.0026802078,0.002568588,0.0017682954,0.0025097,0.0027947314,0.0023047316,0.002443236,0.002169916,0.01818,2025-05-05 14:12:16.598404,1,1.0
0.0022896873,0.0019400513,0.0026348524,0.0025494345,0.0017715471,0.0025140392,0.002799035,0.0023143564,0.0024396493,0.0021689092,0.01818,2025-05-05 14:12:16.661159,1,1.0
0.0021916262,0.001986078,0.0026321497,0.0025426291,0.0017821359,0.002511393,0.002810252,0.0022998324,0.002400144,0.0021496455,0.01818,2025-05-05 14:12:16.702221,1,1.0
0.0022878433,0.0019935318,0.0026274486,0.0025577163,0.0017408632,0.0024856494,0.002813946,0.002295208,0.0023913526,0.002148216,0.01818,2025-05-05 14:12:16.744207,1,1.0
0.0023437226,0.0019968117,0.0025993553,0.0025362987,0.0017527367,0.00245907,0.002828733,0.0023121005,0.0023793618,0.0021345846,0.01818,2025-05-05 14:12:16.785887,1,1.0
0.002313746,0.002031247,0.0025957178,0.0025471337,0.0017510536,0.0024534974,0.0028304907,0.0023323174,0.0023760665,0.002109178,0.01818,2025-05-05 14:12:16.827268,1,1.0
0.0022257557,0.002035659,0.0025799524,0.0025419893,0.0017669351,0.002461195,0.002845088,0.0022611814,0.0023445147,0.0021261577,0.01818,2025-05-05 14:12:16.869104,1,1.0
0.0023304997,0.0020426856,0.0025860106,0.0025680694,0.0017682655,0.0024504785,0.0028553642,0.0022550095,0.0023381005,0.0021396435,0.01818,2025-05-05 14:12:16.931658,1,1.0
0.0023758633,0.001976407,0.0025906353,0.0025568777,0.001766511,0.0024438228,0.0028267507,0.0022943416,0.002334239,0.0021576835,0.01818,2025-05-05 14:12:16.973229,1,1.0
0.002401686,0.001991578,0.0025871068,0.002560696,0.0017872013,0.002432499,0.0028295547,0.0023253416,0.002321781,0.0021638323,0.01818,2025-05-05 14:12:17.015068,1,1.0
0.002440697,0.0019936557,0.0025943331,0.002549996,0.0017576406,0.0024527982,0.0028320646,0.002318966,0.0023025572,0.0021673709,0.01818,2025-05-05 14:12:17.056683,1,1.0
0.002420711,0.0019610387,0.0026070178,0.002534585,0.0017587299,0.0024628507,0.0028607226,0.0022973714,0.002332244,0.0021853603,0.01818,2025-05-05 14:12:17.098732,1,1.0
0.0022988261,0.0019331815,0.0026056988,0.002544854,0.0017576666,0.0024840813,0.0028638018,0.0022852228,0.0023143205,0.0021974815,0.01818,2025-05-05 14:12:17.139778,1,1.0
0.0022272062,0.0019307625,0.0025882157,0.0025414242,0.0017363108,0.0024844406,0.0028433085,0.0022965965,0.002330806,0.0021748072,0.01818,2025-05-05 14:12:17.202493,1,1.0
0.0023178125,0.0019088736,0.0026460595,0.002537861,0.0017398596,0.0024846776,0.0028575654,0.0022239103,0.0023478726,0.0022030922,0.01818,2025-05-05 14:12:17.243939,1,1.0
0.002322752,0.0019224798,0.0026472234,0.0025392848,0.0017328185,0.00247477,0.0028520622,0.0022427938,0.0023498768,0.0022217296,0.01818,2025-05-05 14:12:17.285760,1,1.0
0.0023356276,0.0018946846,0.0026629588,0.0025383597,0.0017377627,0.002477281,0.0028447444,0.0022671504,0.0023378108,0.002211554,0.01818,2025-05-05 14:12:17.327406,1,1.0
0.002246839,0.0019087371,0.0026314813,0.0024988235,0.0017496662,0.0024713126,0.0028286127,0.0022662887,0.0023370343,0.0021816508,0.01818,2025-05-05 14:12:17.368981,1,1.0
0.0022783913,0.0018670098,0.0026644864,0.0025119372,0.0017574456,0.0024793453,0.0028418116,0.0023193453,0.0023598569,0.0021574348,0.01818,2025-05-05 14:12:17.431713,1,1.0
0.0021669788,0.001913544,0.0027032169,0.0025366764,0.0017877117,0.0024772952,0.0028269414,0.0023232584,0.0023543863,0.00215279,0.01818,2025-05-05 14:12:17.473153,1,1.0
0.002203498,0.001965398,0.002738179,0.0025469624,0.0017761468,0.0024825295,0.002826686,0.0023500838,0.0023294075,0.0021414936,0.01818,2025-05-05 14:12:17.514933,1,1.0
0.0022044303,0.001980842,0.0027544242,0.0025888523,0.0018003796,0.0024901177,0.002824713,0.0023321153,0.0023347335,0.002145302,0.01818,2025-05-05 14:12:17.557173,1,1.0
0.0022118764,0.0020017494,0.002772381,0.0025941771,0.001771644,0.0025081164,0.0028179074,0.0022874707,0.0023471038,0.002146719,0.01818,2025-05-05 14:12:17.598318,1,1.0
0.0022380673,0.001988925,0.0027591328,0.00261216,0.0017647462,0.0025096477,0.0028341727,0.002263969,0.0023743985,0.0021732152,0.01818,2025-05-05 14:12:17.640066,1,1.0
0.002325865,0.001988073,0.0027366169,0.0026203087,0.0017593973,0.0024966686,0.002830607,0.0022611956,0.0023941854,0.0021201367,0.01818,2025-05-05 14:12:17.702594,1,1.0
0.0024401927,0.0020295363,0.0027208638,0.0026076643,0.0017365468,0.0024907778,0.0028316674,0.0021908795,0.0024061298,0.0021391257,0.01818,2025-05-05 14:12:17.744081,1,1.0
0.0023292673,0.0019852924,0.0027130046,0.0025964412,0.0017237323,0.0024842457,0.0028404354,0.0022025786,0.0023964853,0.0021166068,0.01818,2025-05-05 14:12:17.785798,1,1.0
0.0023235988,0.0019628485,0.0027173269,0.00257577,0.0017283743,0.0024797108,0.0028296965,0.0021999937,0.002389092,0.002127462,0.01818,2025-05-05 14:12:17.827348,1,1.0
0.002318073,0.0019063023,0.0027017843,0.0025691402,0.0016895133,0.002390049,0.0027830256,0.0022548318,0.002456519,0.0021804986,0.01818,2025-05-05 14:12:17.869026,1,1.0
0.0023183408,0.0019252623,0.002624008,0.0025914728,0.0017291211,0.0021114317,0.0028158624,0.002266661,0.0024628548,0.0021779009,0.01818,2025-05-05 14:12:17.910720,1,1.0
0.0023184344,0.001949547,0.0027405424,0.0025520376,0.001709295,0.001989425,0.0028628078,0.0022813966,0.0024834047,0.0020203195,0.01818,2025-05-05 14:12:17.973250,1,1.0
0.0023850366,0.0019077504,0.0027414092,0.0025417155,0.0017169244,0.0019681773,0.0028298786,0.0023190898,0.0024730037,0.0020124372,0.01818,2025-05-05 14:12:18.015374,1,1.0
0.0023999487,0.0018901963,0.0027941465,0.0025466448,0.0017346507,0.0021165053,0.0028123655,0.0023497818,0.0024786321,0.0021474317,0.01818,2025-05-05 14:12:18.056195,1,1.0
0.002278857,0.0018668192,0.0028232334,0.002590113,0.0017454493,0.0021379169,0.0027826314,0.002272403,0.0024866043,0.0021354111,0.01818,2025-05-05 14:12:18.097841,1,1.0
0.002397898,0.0018747416,0.00277565,0.002650479,0.0017781509,0.0020228087,0.0027800605,0.0023352155,0.002452353,0.0021611033,0.01818,2025-05-05 14:12:18.139492,1,1.0
0.0024474424,0.0018958314,0.0028394475,0.0026852458,0.0017672126,0.002159554,0.002789281,0.0023326878,0.0024517393,0.0021618549,0.01818,2025-05-05 14:12:18.202641,1,1.0
0.0024684842,0.0019074598,0.00276978,0.0026804667,0.0017829676,0.0022958699,0.0028293538,0.0022990424,0.0024743387,0.0021738382,0.01818,2025-05-05 14:12:18.245315,1,1.0
0.0025341806,0.0018932859,0.0027801376,0.0027010427,0.0018073837,0.002356007,0.0028543,0.0022627923,0.00248317,0.0021547915,0.01818,2025-05-05 14:12:18.285994,1,1.0
0.0025051422,0.0019564603,0.002741989,0.0025960437,0.0017788487,0.002262724,0.0028861973,0.0023738053,0.0024099709,0.0021918216,0.01818,2025-05-05 14:12:18.328682,1,1.0
0.002541527,0.0019835022,0.0028924684,0.0025577608,0.001822007,0.0025232732,0.0028744983,0.0023901747,0.0024335638,0.0020858133,0.01818,2025-05-05 14:12:18.368727,1,1.0
0.002533647,0.0019684962,0.0027981265,0.0024809923,0.0017733144,0.0027447408,0.0027733548,0.0024299873,0.002462943,0.0021963962,0.01818,2025-05-05 14:12:18.410960,1,1.0
0.002544566,0.0019867641,0.0026708622,0.002512092,0.0017691839,0.002907664,0.002811027,0.0024087445,0.0024470312,0.0022795154,0.01818,2025-05-05 14:12:18.473563,1,1.0
0.0025414252,0.002020349,0.0026665104,0.0025626323,0.0017835265,0.0028857864,0.0028297156,0.0024990633,0.002454526,0.0022101945,0.01818,2025-05-05 14:12:18.514899,1,1.0
0.002486043,0.00203381,0.002659424,0.0025250819,0.0017702056,0.0028247645,0.0028501698,0.0024990255,0.0025114163,0.0022818455,0.01818,2025-05-05 14:12:18.556461,1,1.0
0.002525986,0.0020865642,0.0028118398,0.0024748428,0.0017773019,0.0029531636,0.002860034,0.0024564334,0.002477872,0.0023060883,0.01818,2025-05-05 14:12:18.598091,1,1.0
0.0025371464,0.002120594,0.0027392867,0.0025118347,0.001768867,0.002822742,0.0028620856,0.0023717973,0.0024999562,0.0023291556,0.01818,2025-05-05 14:12:18.641376,1,1.0
0.0026183778,0.0021832194,0.0027245888,0.0025368999,0.0017538681,0.0026207827,0.0028163274,0.0023104749,0.002468008,0.0023269185,0.01818,2025-05-05 14:12:18.682016,1,1.0
0.0025797905,0.0021651306,0.0026670934,0.0025361103,0.0017664233,0.0025313583,0.0027849963,0.0022143465,0.0024063329,0.0023239048,0.01818,2025-05-05 14:12:18.744296,1,1.0
0.002471094,0.0021814294,0.0026381267,0.0025915636,0.0017604277,0.002673911,0.0027994656,0.0022048417,0.0023315374,0.0022316442,0.01818,2025-05-05 14:12:18.785791,1,1.0
0.0023998553,0.0021447178,0.0026053793,0.0025952754,0.0018028038,0.0026910622,0.0027894746,0.0022262887,0.002330277,0.0023195508,0.01818,2025-05-05 14:12:18.827556,1,1.0
0.0023673493,0.002130921,0.0026105468,0.0026396306,0.0017771575,0.0024783288,0.002844949,0.0022906784,0.0022856565,0.0023198274,0.01818,2025-05-05 14:12:18.869145,1,1.0
0.002373053,0.0021195866,0.0026268305,0.002595166,0.0017889268,0.0024334588,0.0028396142,0.0023249816,0.0022979476,0.0022410587,0.01818,2025-05-05 14:12:18.911042,1,1.0
0.0023637563,0.0021361033,0.0026352457,0.0025535813,0.0017590369,0.002464149,0.002798817,0.0023511944,0.0023250172,0.0021818923,0.01818,2025-05-05 14:12:18.974073,1,1.0
0.0021936551,0.0020428605,0.0025977974,0.0025602651,0.0017313254,0.0024931682,0.0027914254,0.0023548629,0.0023129382,0.0021942188,0.01818,2025-05-05 14:12:19.015862,1,1.0
0.0021383553,0.0020036525,0.0026014908,0.002567868,0.0017180495,0.0024969382,0.002795569,0.0023276121,0.002310143,0.0022045127,0.01818,2025-05-05 14:12:19.056553,1,1.0
0.0020463,0.0019920666,0.0026590447,0.002580159,0.0017207431,0.0025332202,0.0028101106,0.0022912072,0.0023149815,0.002208834,0.01818,2025-05-05 14:12:19.098805,1,1.0
0.0020912127,0.0020097082,0.0026686308,0.0025789593,0.0017230167,0.0025012323,0.0028040586,0.002250773,0.0023388232,0.002186725,0.01818,2025-05-05 14:12:19.140612,1,1.0
0.0021827496,0.0020258094,0.002675184,0.0025847706,0.0017346898,0.0024856715,0.0028241992,0.0021920973,0.002314744,0.0021784604,0.01818,2025-05-05 14:12:19.181578,1,1.0
0.002257775,0.0020328262,0.0026495568,0.002550003,0.0017462403,0.0024689347,0.0028184948,0.0021812827,0.0023020532,0.002174405,0.01818,2025-05-05 14:12:19.244377,1,1.0
0.002234467,0.0019898626,0.0026211776,0.0025590514,0.001790142,0.0024434018,0.0028188475,0.0021634817,0.0023012955,0.0021721497,0.01818,2025-05-05 14:12:19.285908,1,1.0
0.0022868654,0.0019733736,0.0025946284,0.0025336393,0.0017930078,0.0024133376,0.002774774,0.002147904,0.0023077542,0.002188885,0.01818,2025-05-05 14:12:19.328049,1,1.0
0.0024116987,0.0019533203,0.0025895059,0.0025395975,0.0018056732,0.0024174354,0.0027628553,0.0022092396,0.0022926524,0.0021968707,0.01818,2025-05-05 14:12:19.369505,1,1.0
0.0024343983,0.0020199465,0.0026006238,0.0025533126,0.0017422964,0.0024017086,0.0027697508,0.0022903627,0.002305097,0.0022061977,0.01818,2025-05-05 14:12:19.412164,1,1.0
0.002372363,0.0019963095,0.00259691,0.002575775,0.0016956045,0.0024159614,0.002779997,0.0023490964,0.002315054,0.0022094958,0.0,2025-05-05 14:12:19.453852,0,
0.002380957,0.0020161206,0.0026008214,0.002590641,0.0017021806,0.002442549,0.0027937857,0.00233203,0.0023375023,0.0022018906,0.0,2025-05-05 14:12:19.516475,0,
0.0023565346,0.0020229958,0.002574249,0.0025911154,0.0016901597,0.002449548,0.0027902161,0.0023106341,0.0023568226,0.0021848602,0.0,2025-05-05 14:12:19.558063,0,
0.0022791084,0.0019623935,0.0025965427,0.0025906372,0.0017244803,0.0024598683,0.0028161667,0.0021940686,0.0023557246,0.0021931564,0.0,2025-05-05 14:12:19.598482,0,
0.0022389232,0.0019582924,0.0026128588,0.002582286,0.0017134409,0.0024518205,0.0028111467,0.0021609552,0.002341511,0.0022066883,0.0,2025-05-05 14:12:19.640203,0,
0.002338577,0.001971333,0.0026510772,0.002575387,0.0017235003,0.0024285302,0.0028038367,0.002171542,0.0023576207,0.0021874194,0.0,2025-05-05 14:12:19.683146,0,
0.002301917,0.001996107,0.0026639563,0.0025728224,0.0017391498,0.0024267307,0.0028015135,0.0021838436,0.0023417037,0.002196519,0.0,2025-05-05 14:12:19.745599,0,
0.0022317572,0.002001345,0.0026540153,0.002581885,0.0017497332,0.0024250585,0.0028011808,0.0022208318,0.0023186742,0.0022000025,0.0,2025-05-05 14:12:19.786178,0,
0.0022493803,0.0019886775,0.0026612682,0.0025712235,0.0017341075,0.0024368789,0.0028033974,0.002166223,0.0023469084,0.0021959469,0.0,2025-05-05 14:12:19.827914,0,
0.0022212893,0.0019985293,0.0026383144,0.0025537335,0.0017233234,0.0024542925,0.0028178385,0.0021553019,0.0023638497,0.0021813405,0.0,2025-05-05 14:12:19.869465,0,
0.002249708,0.0019837418,0.0026290563,0.0025273354,0.0017247221,0.0024342316,0.0028236331,0.002206918,0.0023349125,0.0021455553,0.0,2025-05-05 14:12:19.910998,0,
0.0022498756,0.001999712,0.0025898616,0.002507136,0.001742421,0.0024459285,0.0027992206,0.0022084496,0.0023420365,0.0021484806,0.0,2025-05-05 14:12:19.952311,0,
0.0023027468,0.0020525032,0.0026144122,0.0025082885,0.0017693475,0.002432047,0.0027837662,0.0022083397,0.0023595514,0.0021583966,0.0,2025-05-05 14:12:20.015454,0,
0.0022759857,0.0020085094,0.0026342752,0.0025450035,0.0018127869,0.0024240194,0.0027677412,0.0021684633,0.0023661014,0.0021425453,0.0,2025-05-05 14:12:20.056856,0,
0.0022118064,0.0020460996,0.0026455189,0.002551584,0.0018191531,0.0024471427,0.002778457,0.00216463,0.002397092,0.0021551298,0.0,2025-05-05 14:12:20.099010,0,
0.002253906,0.0020425941,0.0026683768,0.0025551715,0.0018405298,0.0024527814,0.0027931028,0.0021669914,0.002435083,0.002170164,0.0,2025-05-05 14:12:20.141437,0,
0.002188078,0.0020555947,0.0026538726,0.0025663646,0.0018362234,0.0024501164,0.0027886524,0.0021845824,0.0024067669,0.002171546,0.0,2025-05-05 14:12:20.181578,0,
0.0022245084,0.0020750728,0.002693106,0.0025723237,0.0018408485,0.0024447273,0.002801389,0.0022792362,0.0023936077,0.0021653443,0.0,2025-05-05 14:12:20.224807,0,
0.002220191,0.0021054992,0.002715616,0.0026011877,0.0018070091,0.0024582942,0.0028096575,0.0022607616,0.002422399,0.0021532685,0.0,2025-05-05 14:12:20.286898,0,
0.002183289,0.0021087064,0.0027358928,0.0026311025,0.0017876113,0.002469893,0.0027994602,0.0021992445,0.0024182624,0.0021738922,0.0,2025-05-05 14:12:20.328957,0,
0.00228541,0.0020952902,0.0027489653,0.0026292114,0.0017924855,0.0024999795,0.0027844084,0.0021666375,0.002413126,0.0021663068,0.0,2025-05-05 14:12:20.370355,0,
0.0022419144,0.0020743355,0.0027482866,0.0026070348,0.0017806595,0.0025022966,0.0027891654,0.0021823428,0.0023734784,0.0021655427,0.0,2025-05-05 14:12:20.410667,0,
0.002300282,0.0020562594,0.0027155515,0.002624748,0.0017636123,0.0025160164,0.0028076165,0.0021724715,0.0024062034,0.0021721765,0.0,2025-05-05 14:12:20.453652,0,
0.0024190214,0.0020282571,0.002692958,0.0026019835,0.001758193,0.0024979026,0.002812081,0.0021870176,0.002434591,0.002171233,0.0,2025-05-05 14:12:20.516285,0,
0.002441097,0.0020536846,0.0026897725,0.0025936877,0.0017560038,0.0024731488,0.0027952415,0.0022732646,0.0024431988,0.0021459924,0.0,2025-05-05 14:12:20.557961,0,
0.0025477468,0.0020379608,0.0026459566,0.0026042894,0.0017654,0.002455428,0.0027813085,0.0022175123,0.0024597095,0.0021444578,0.0,2025-05-05 14:12:20.599071,0,
0.0025325925,0.0020485052,0.0026499708,0.0026046177,0.0017662767,0.0024442694,0.0027906892,0.0022626773,0.0024601594,0.0021363657,0.0,2025-05-05 14:12:20.640033,0,
0.002485481,0.0020362241,0.0026234398,0.002592611,0.0017909389,0.0024386165,0.0027960772,0.0023337663,0.0024592143,0.0021366207,0.0,2025-05-05 14:12:20.681623,0,
0.0024567007,0.0020748463,0.0026352103,0.0025598784,0.0017906835,0.0024440177,0.002804672,0.0023681042,0.0024511402,0.0021593818,0.0,2025-05-05 14:12:20.723713,0,
0.0025089018,0.0020829835,0.002618969,0.0025602232,0.0017819031,0.0024612213,0.002831647,0.0023768418,0.002447923,0.0021770142,0.0,2025-05-05 14:12:20.786007,0,
0.0025040875,0.002071878,0.0026381444,0.0025332128,0.0017773353,0.0024683832,0.002834324,0.002375188,0.0024200643,0.0022075833,0.0,2025-05-05 14:12:20.828019,0,
0.0024557917,0.0020965273,0.0026342236,0.0025265305,0.0017876967,0.0024765395,0.002825553,0.0023939714,0.002379839,0.0022040966,0.0,2025-05-05 14:12:20.869885,0,
0.0023362609,0.002043746,0.0026176046,0.002501072,0.0017402172,0.0024856024,0.002820748,0.0023622455,0.0023699093,0.0021816597,0.0,2025-05-05 14:12:20.912263,0,
0.002385739,0.0020686355,0.0026191154,0.0025108648,0.0017196315,0.0025093637,0.0028265733,0.0024008176,0.002388051,0.0022030254,0.0,2025-05-05 14:12:20.953896,0,
0.0023371566,0.0020709368,0.002624759,0.0025204096,0.0016935648,0.0025416096,0.0028269272,0.0024045454,0.0024004509,0.0022048852,0.0,2025-05-05 14:12:20.995636,0,
0.0024022036,0.0020598155,0.0026625663,0.0024995392,0.0017000217,0.0025779626,0.00283216,0.0024139655,0.0024026553,0.0022058804,0.0,2025-05-05 14:12:21.058181,0,
0.0023565511,0.002072244,0.0026570288,0.0025054328,0.001721858,0.0025816932,0.002828859,0.0024228748,0.0024090428,0.0021969255,0.0,2025-05-05 14:12:21.099795,0,
0.0023644562,0.0020376039,0.0026572617,0.0025156743,0.0017674458,0.0025848502,0.0028325168,0.002457408,0.0024329151,0.002206866,0.0,2025-05-05 14:12:21.141399,0,
0.002328002,0.002079404,0.002658072,0.0024940034,0.0017979483,0.0025716282,0.002822802,0.0023964853,0.0023775536,0.002209783,0.0,2025-05-05 14:12:21.183163,0,
0.0023005502,0.002058542,0.0026429084,0.0025233384,0.0018175807,0.0025172113,0.00279247,0.0023164013,0.0023724625,0.0021731618,0.0,2025-05-05 14:12:21.223450,0,
0.0023284098,0.002056789,0.0026456092,0.002516752,0.00184082,0.0024984789,0.0027797243,0.0022429065,0.002374198,0.0021429318,0.0,2025-05-05 14:12:21.285540,0,
0.0023384718,0.0020087238,0.0026731938,0.0025430482,0.0018413744,0.0024701173,0.0027922129,0.0021988563,0.0023798193,0.0021391339,0.0,2025-05-05 14:12:21.327343,0,
0.0022608442,0.0019850403,0.002725289,0.0025587764,0.0018132903,0.0024428067,0.0027992344,0.002119105,0.0023601127,0.0021626877,0.0,2025-05-05 14:12:21.369813,0,
0.0022907085,0.0019257519,0.002711085,0.0025848735,0.0018147404,0.0024079166,0.0028191612,0.002100286,0.0023344383,0.0021833722,0.0,2025-05-05 14:12:21.412297,0,
0.002346576,0.0019586778,0.0027185993,0.002594829,0.0017922798,0.0024120903,0.0028345734,0.0020886164,0.0023152872,0.002181192,0.0,2025-05-05 14:12:21.453945,0,
0.0023729156,0.0019520232,0.0027223034,0.0025800022,0.0017852332,0.002390379,0.0028361445,0.0021460655,0.002285138,0.002176941,0.0,2025-05-05 14:12:21.494849,0,
0.0023892329,0.001983194,0.0027120365,0.0025760196,0.0018036613,0.0023891686,0.0028268062,0.0021933196,0.0022744238,0.0021975813,0.0,2025-05-05 14:12:21.558106,0,
0.002387144,0.0020048048,0.0027341663,0.0025851557,0.0018153224,0.0023998667,0.002823253,0.00222356,0.0022895518,0.0022072957,0.0,2025-05-05 14:12:21.599706,0,
0.0024314318,0.0020472885,0.0027480791,0.0025836271,0.001832816,0.0024022504,0.0028274513,0.0022892253,0.0022858104,0.0022031323,0.0,2025-05-05 14:12:21.640373,0,
0.0023881726,0.0021144033,0.0027438595,0.0025786995,0.0018219198,0.0024225814,0.0028344481,0.0022908857,0.0023161585,0.0022167831,0.0,2025-05-05 14:12:21.681987,0,
0.0023709727,0.0022208109,0.002754282,0.0025959685,0.0018316087,0.0024424987,0.0028371862,0.002278938,0.0023411436,0.002239529,0.0,2025-05-05 14:12:21.724174,0,
0.002417461,0.00221034,0.0027103415,0.0025945068,0.0018209545,0.0024516338,0.0028259298,0.0022393025,0.0023467029,0.0022553448,0.0,2025-05-05 14:12:21.787015,0,
0.002357773,0.0022097602,0.0026965034,0.002597906,0.0017702992,0.0024534059,0.002818492,0.00220729,0.0023596336,0.002251679,0.0,2025-05-05 14:12:21.828068,0,
0.0022634866,0.002161393,0.0026712401,0.002566509,0.0017850717,0.0024525705,0.0027956169,0.0021233067,0.0023722434,0.002219975,0.0,2025-05-05 14:12:21.870582,0,
0.0022501785,0.0021179838,0.0026424276,0.0025712794,0.001795219,0.0024499183,0.0027825679,0.0020953103,0.0024095294,0.0022304219,0.0,2025-05-05 14:12:21.912284,0,
0.002261199,0.0020473346,0.002630839,0.0025825212,0.0018034605,0.0024367084,0.0027862256,0.002112738,0.0023712458,0.0022504416,0.0,2025-05-05 14:12:21.953103,0,
0.0023070052,0.0020687494,0.0026448837,0.0025921292,0.001838293,0.0024421788,0.002793076,0.0021529617,0.0023319062,0.0022335728,0.0,2025-05-05 14:12:21.994146,0,
0.002309219,0.00206642,0.0025908772,0.0026322242,0.0018192534,0.00245731,0.0028037776,0.0021750669,0.0023470237,0.0022349763,0.0,2025-05-05 14:12:22.057863,0,
0.0023042248,0.002068109,0.0025851054,0.0026237955,0.0018136974,0.0024899843,0.0027953195,0.0021765628,0.0023451846,0.0022215042,0.0,2025-05-05 14:12:22.099035,0,
0.0023548466,0.00211176,0.002594199,0.0026186395,0.0018013022,0.002464835,0.0027943102,0.002209062,0.0023363046,0.0022369716,0.0,2025-05-05 14:12:22.139702,0,
0.0023834235,0.0021823219,0.002565698,0.002614336,0.0017964268,0.0024892364,0.0027888217,0.0022853098,0.0023336743,0.0022407756,0.0,2025-05-05 14:12:22.181821,0,
0.002455246,0.0022123286,0.0025820027,0.00260582,0.0017763722,0.002490955,0.002808895,0.002280223,0.0023189147,0.002225988,0.0,2025-05-05 14:12:22.224724,0,
0.0024571482,0.0022061758,0.0025934353,0.0025917666,0.0017361534,0.002481603,0.002814032,0.002319121,0.0023105803,0.0022200847,0.0,2025-05-05 14:12:22.265620,0,
0.002367931,0.0022069912,0.0025953401,0.002585217,0.0017245102,0.002498297,0.0028214809,0.0023244997,0.0023057638,0.0022484162,0.0,2025-05-05 14:12:22.329099,0,
0.0022798292,0.0022075316,0.0026409666,0.002590836,0.0017705284,0.0025074119,0.0028090207,0.0023056848,0.0022946782,0.0022364699,0.0,2025-05-05 14:12:22.370559,0,
0.0022576507,0.0021353997,0.002673342,0.002609261,0.001803445,0.0024963967,0.0028135886,0.0022925234,0.0023096665,0.0021580735,0.0,2025-05-05 14:12:22.412232,0,
0.0022138967,0.0021289561,0.002718239,0.0025699742,0.0018019931,0.0024717508,0.0028051957,0.002333871,0.002364013,0.0021671716,0.0,2025-05-05 14:12:22.453152,0,
0.0021846162,0.0021205368,0.0025609941,0.0025363078,0.0017833746,0.0026500993,0.002836003,0.0022925327,0.0024645645,0.0022269893,0.0,2025-05-05 14:12:22.494417,0,
0.0021228143,0.0020708684,0.002667906,0.0024739413,0.0017612822,0.002483405,0.002826715,0.0022950103,0.002512815,0.0021539216,0.0,2025-05-05 14:12:22.557009,0,
0.0021959466,0.0020482393,0.002553092,0.0024964937,0.0018003864,0.0025244162,0.0027801008,0.002264075,0.0025102433,0.0023141825,0.0,2025-05-05 14:12:22.598502,0,
0.0022827927,0.0019690075,0.0026206572,0.0024788498,0.0018077687,0.002455637,0.0028025787,0.0022172693,0.0024706367,0.0021257515,0.0,2025-05-05 14:12:22.641419,0,
0.00235573,0.0019296887,0.0025933234,0.0025274323,0.0017954058,0.0025674289,0.0028219193,0.0021343685,0.0025050207,0.0020940558,0.0,2025-05-05 14:12:22.683075,0,
0.002382064,0.0018921618,0.0026239443,0.0025394307,0.0018177973,0.0025360468,0.0028406223,0.0021062572,0.002559294,0.0019239438,0.0,2025-05-05 14:12:22.723578,0,
0.0022920303,0.0019054187,0.0027119252,0.0025182015,0.001804204,0.0024853263,0.0028489828,0.002086885,0.0025319306,0.0018717551,0.0,2025-05-05 14:12:22.765020,0,
0.0022375912,0.0019298963,0.0026961884,0.0024812585,0.0018423194,0.0025799163,0.00285643,0.0020775248,0.0025466995,0.002004041,0.0,2025-05-05 14:12:22.827601,0,
0.0022452574,0.001972881,0.0027511402,0.002461763,0.0018824594,0.0025459556,0.0028576867,0.0020169413,0.0025510446,0.0020660805,0.0,2025-05-05 14:12:22.868990,0,
0.0022419756,0.0019697296,0.002426685,0.0024961582,0.0018320653,0.002239116,0.002842589,0.0021204383,0.0025265352,0.0020297966,0.0,2025-05-05 14:12:22.910800,0,
0.0022597215,0.0019905725,0.002685404,0.0025421595,0.0018021942,0.0018889661,0.0027687594,0.0021496331,0.0025190993,0.0019490027,0.0,2025-05-05 14:12:22.952435,0,
0.0020998928,0.0020033636,0.0026364273,0.002565712,0.0018015468,0.0022691304,0.0027639486,0.002256316,0.0024336698,0.0020595577,0.0,2025-05-05 14:12:22.993903,0,
0.002110312,0.002027583,0.0029128233,0.0025442773,0.0018356083,0.002164473,0.0028935373,0.00237827,0.002429557,0.0016060444,0.0,2025-05-05 14:12:23.035671,0,
0.0020702262,0.0019649134,0.0027895463,0.0026338976,0.0018216163,0.0022017602,0.0028758168,0.0024422775,0.0024615962,0.0016295032,0.0,2025-05-05 14:12:23.097928,0,
0.0021055574,0.0019983186,0.002770167,0.0025673213,0.0018556693,0.0020236038,0.0028408421,0.0024415732,0.0024228585,0.0016936632,0.0,2025-05-05 14:12:23.139499,0,
0.0020476326,0.0019445061,0.0027302755,0.0025999623,0.0018868719,0.0019138599,0.0028003263,0.0024596455,0.0023900326,0.0019232873,0.0,2025-05-05 14:12:23.181367,0,
0.0020566215,0.0019425761,0.002625193,0.0025988112,0.0018998185,0.0020077098,0.0028099965,0.0024168752,0.0024091243,0.0018990271,0.0,2025-05-05 14:12:23.224514,0,
0.0021151153,0.0019360693,0.0026943313,0.0026023488,0.0019126814,0.0021268122,0.0028461847,0.0024316043,0.0024545742,0.001779875,0.0,2025-05-05 14:12:23.266155,0,
0.0021187183,0.0019830249,0.0026971335,0.0026220547,0.0019227454,0.0021015771,0.0028483402,0.0023249388,0.0024362868,0.0017659866,0.0,2025-05-05 14:12:23.328742,0,
0.0021020314,0.0020013265,0.0028674812,0.0026700268,0.0019032275,0.0021650041,0.0028323117,0.0023184728,0.0023539271,0.0018100471,0.0,2025-05-05 14:12:23.370541,0,
0.0021044284,0.002007333,0.0027621053,0.0026246987,0.001858889,0.0023407862,0.002826958,0.0023006178,0.0023084425,0.0018511827,0.0,2025-05-05 14:12:23.411393,0,
0.0020781173,0.0020246876,0.0026718583,0.0025817594,0.001869345,0.0021884006,0.0028329743,0.0022762541,0.0022082836,0.0018128703,0.0,2025-05-05 14:12:23.452703,0,
0.0019911986,0.002041998,0.0025360195,0.0025392007,0.0018206956,0.002389983,0.0028109981,0.002307035,0.0022758166,0.0020530617,0.0,2025-05-05 14:12:23.495538,0,
0.001943086,0.0019781971,0.0026034587,0.0025514325,0.00177385,0.0025228877,0.0028249735,0.00230697,0.0022532702,0.0022042636,0.0,2025-05-05 14:12:23.537175,0,
0.001974106,0.002014459,0.00263056,0.0025683753,0.0017932473,0.0025586192,0.0028165774,0.002307977,0.00228475,0.0022085623,0.0,2025-05-05 14:12:23.598263,0,
0.0020228394,0.0020084926,0.0026407272,0.0025664167,0.0017901715,0.0025407176,0.0028221088,0.0023090863,0.00229988,0.0021912546,0.0,2025-05-05 14:12:23.641411,0,
0.0019065123,0.0020166556,0.0026724827,0.0025388391,0.00181055,0.0025441358,0.0028269114,0.0023148872,0.0023033735,0.002189676,0.0,2025-05-05 14:12:23.682840,0,
0.0019010266,0.0020414994,0.0026531578,0.0025417076,0.0018239735,0.0025218031,0.0028121416,0.0022661232,0.002314243,0.0022014203,0.0,2025-05-05 14:12:23.723385,0,
0.0019508239,0.0020478896,0.002648988,0.0024974276,0.0017920729,0.0024953436,0.0028014828,0.002223364,0.0023180845,0.0022015464,0.0,2025-05-05 14:12:23.766248,0,
0.001983273,0.0019879136,0.0026317001,0.0024988274,0.0017946346,0.0024468142,0.0027958734,0.0021603997,0.0023652916,0.0022205038,0.0,2025-05-05 14:12:23.808061,0,
0.0021723912,0.0019935681,0.002625633,0.0025080303,0.0017903035,0.002431184,0.0027954332,0.0021868823,0.0023900033,0.0022307648,0.0,2025-05-05 14:12:23.870769,0,
0.0022558437,0.002034876,0.002638272,0.0025193966,0.001799168,0.002426924,0.0028055015,0.0021595685,0.002372977,0.0022241669,0.0,2025-05-05 14:12:23.912903,0,
0.0023493553,0.002050758,0.0026591658,0.0025294079,0.0017705758,0.00244211,0.0028022183,0.0022026214,0.002349959,0.0022544034,0.0,2025-05-05 14:12:23.953978,0,
0.0023973254,0.0020276338,0.0026709863,0.0025578982,0.0017779365,0.00246354,0.0028086933,0.0022074773,0.0023302522,0.0022551273,0.0,2025-05-05 14:12:23.994170,0,
0.0023052217,0.0020159322,0.0026410478,0.0025697402,0.0017847948,0.002456319,0.002813832,0.0022256135,0.0023595078,0.0022472006,0.0,2025-05-05 14:12:24.037092,0,
0.0022455202,0.0020129574,0.0026696613,0.0025870441,0.0018137929,0.0024744344,0.0028094696,0.002250051,0.0023429138,0.0022511357,0.01818,2025-05-05 14:12:24.099772,1,2.0
0.0022112976,0.001975196,0.0026636783,0.0025779104,0.0018257371,0.0024382242,0.0027973726,0.0022659905,0.0023391617,0.0022665565,0.01818,2025-05-05 14:12:24.141328,1,2.0
0.002082811,0.001963178,0.002711596,0.0025904865,0.0018491042,0.002454256,0.0028084773,0.0021976319,0.0023158411,0.0022708685,0.01818,2025-05-05 14:12:24.182842,1,2.0
0.0021396526,0.0019817878,0.0026895744,0.0026040585,0.0018273656,0.0024816561,0.0028082265,0.0022028522,0.002308375,0.002277847,0.01818,2025-05-05 14:12:24.224757,1,2.0
0.0021750662,0.0019547562,0.002702815,0.0025943613,0.0018281634,0.0024782913,0.0028147844,0.0021554804,0.0023205988,0.0022464693,0.01818,2025-05-05 14:12:24.266478,1,2.0
0.0022583667,0.0019143679,0.0027141557,0.002596564,0.001800864,0.002486604,0.0028087948,0.002172227,0.00230724,0.0022334438,0.01818,2025-05-05 14:12:24.306540,1,2.0
0.0022313783,0.0019541448,0.002719275,0.0026124332,0.0018476591,0.0025079832,0.0028123588,0.0021838113,0.0023103973,0.002230577,0.01818,2025-05-05 14:12:24.369406,1,2.0
0.0022635998,0.0019391384,0.0027165972,0.0025893517,0.0018416833,0.0025137737,0.0028147094,0.0022050804,0.0023293367,0.0022175533,0.01818,2025-05-05 14:12:24.412071,1,2.0
0.00224072,0.0019507993,0.0026410185,0.002591591,0.0018517919,0.002474703,0.002797081,0.0022373295,0.0023205972,0.0021975045,0.01818,2025-05-05 14:12:24.452859,1,2.0
0.0021899461,0.0020193458,0.0026529005,0.0025910963,0.0018626599,0.0024892467,0.0027868913,0.0022911746,0.0023472977,0.0021879086,0.01818,2025-05-05 14:12:24.495381,1,2.0
0.002225491,0.0020220305,0.0026338967,0.0025596577,0.0018887807,0.0024833917,0.0027917628,0.0023231108,0.002345914,0.0022005192,0.01818,2025-05-05 14:12:24.536935,1,2.0
0.0022261287,0.0020349598,0.0026484113,0.0025721001,0.0018826445,0.0024922166,0.002815849,0.0023323214,0.0023505522,0.0021698563,0.01818,2025-05-05 14:12:24.578585,1,2.0
0.0022926412,0.002024695,0.0026728592,0.0025954698,0.0018821913,0.0024893114,0.0028323852,0.0023221609,0.0023431573,0.00217439,0.01818,2025-05-05 14:12:24.641270,1,2.0
0.0022521021,0.0019798584,0.0026702988,0.002570608,0.0018371802,0.0024760007,0.0028304523,0.002272227,0.0022987016,0.002173849,0.01818,2025-05-05 14:12:24.682913,1,2.0
0.0023072057,0.0019426116,0.002689765,0.0025465223,0.0018016137,0.0024771106,0.0028276742,0.0022396254,0.0022961781,0.0021874735,0.01818,2025-05-05 14:12:24.723847,1,2.0
0.0023208298,0.0018960863,0.002706856,0.0025424226,0.0017817279,0.0024800256,0.0028416032,0.0021947324,0.002310845,0.0021926227,0.01818,2025-05-05 14:12:24.766180,1,2.0
0.0021859086,0.0018937445,0.0026702585,0.0025413076,0.0017971476,0.0024984595,0.0028328998,0.0021537894,0.0023396339,0.0021865505,0.01818,2025-05-05 14:12:24.806401,1,2.0
0.0021074507,0.0018384277,0.0027025521,0.0024909377,0.0018064476,0.00250708,0.0028347825,0.0021400363,0.0023837774,0.002175355,0.01818,2025-05-05 14:12:24.870505,1,2.0
0.0021221056,0.001880566,0.0027289046,0.0025194623,0.0017730325,0.0024868238,0.0028310895,0.0021513538,0.002391939,0.0021824606,0.01818,2025-05-05 14:12:24.912215,1,2.0
0.0021083306,0.0019460422,0.0027191401,0.0025513659,0.0017730801,0.002495271,0.0028377855,0.0022224023,0.0024367378,0.0021841482,0.01818,2025-05-05 14:12:24.953625,1,2.0
0.0020440724,0.0019510514,0.0027290098,0.0025758964,0.0017619485,0.0024963936,0.0028355403,0.0022126068,0.002442858,0.0021750627,0.01818,2025-05-05 14:12:24.995720,1,2.0
0.002142011,0.0020516352,0.0027043205,0.0025534662,0.001741289,0.0024646767,0.002824016,0.0022245361,0.0024482985,0.0021840034,0.01818,2025-05-05 14:12:25.037093,1,2.0
0.0022592961,0.0021074102,0.002672297,0.0025318852,0.0017528508,0.0024697937,0.002818041,0.002279392,0.002420736,0.0021745965,0.01818,2025-05-05 14:12:25.077248,1,2.0
0.002328796,0.0020993329,0.0026665544,0.0025223277,0.0017385479,0.0024511626,0.0027995068,0.0022764667,0.0023918236,0.002167013,0.01818,2025-05-05 14:12:25.141244,1,2.0
0.0023144782,0.0020962607,0.0026646736,0.0025218786,0.0016955866,0.0024465355,0.0027923316,0.0022672697,0.002372147,0.0021594325,0.01818,2025-05-05 14:12:25.182857,1,2.0
0.0024044064,0.0021148254,0.0026608256,0.0025453805,0.0017529567,0.0024228534,0.0027916469,0.0022618312,0.0023724562,0.0021410931,0.01818,2025-05-05 14:12:25.224484,1,2.0
0.0023647214,0.0021432734,0.0027079794,0.0025384831,0.0017462015,0.0024492734,0.0028143805,0.002278492,0.0023584885,0.00213941,0.01818,2025-05-05 14:12:25.265561,1,2.0
0.0024433308,0.0020825914,0.002705339,0.0025621564,0.0017670367,0.0024624488,0.002825664,0.002240974,0.0023522386,0.0021590998,0.01818,2025-05-05 14:12:25.306830,1,2.0
0.0024700295,0.002065245,0.002716488,0.0025586383,0.0017704667,0.002459103,0.0028071655,0.0022495924,0.002371111,0.0021858544,0.01818,2025-05-05 14:12:25.349497,1,2.0
0.0024463385,0.0020615598,0.0026874999,0.002576581,0.0017698177,0.002451296,0.0028032667,0.0021937625,0.002393215,0.0021934048,0.01818,2025-05-05 14:12:25.412329,1,2.0
0.00248674,0.0020152088,0.0027233355,0.0025825002,0.0017822469,0.002472096,0.002824268,0.0021860206,0.0023764102,0.0021731735,0.01818,2025-05-05 14:12:25.453692,1,2.0
0.0024437576,0.0020166247,0.0027402584,0.0025509035,0.0018067184,0.0024960304,0.0028268113,0.0021765064,0.0023688427,0.0021694116,0.01818,2025-05-05 14:12:25.495378,1,2.0
0.0024314532,0.00202931,0.002743766,0.002524489,0.0018293182,0.0024587363,0.0028155749,0.0021728005,0.0023703803,0.002172151,0.01818,2025-05-05 14:12:25.537006,1,2.0
0.0023499632,0.0019884224,0.0027259097,0.002532815,0.0018477744,0.002487899,0.0028329124,0.0021713572,0.0023521748,0.0021767134,0.01818,2025-05-05 14:12:25.578629,1,2.0
0.002351193,0.0019635165,0.0027165432,0.00255329,0.0018333468,0.002507959,0.0028539195,0.002215841,0.0023490281,0.0021787668,0.01818,2025-05-05 14:12:25.641222,1,2.0
0.0022283916,0.0019511785,0.002704028,0.002559975,0.0018593511,0.0024880318,0.002850785,0.002281499,0.0023244987,0.0022121365,0.01818,2025-05-05 14:12:25.683032,1,2.0
0.002266244,0.001934699,0.0026885136,0.0025597666,0.0018408468,0.0024707925,0.0028326842,0.0023744777,0.0023120935,0.0022344785,0.01818,2025-05-05 14:12:25.723602,1,2.0
0.0022812693,0.0019484013,0.0026638028,0.0025437183,0.0018076177,0.0024722882,0.0028086745,0.0023475767,0.0023014918,0.0022075397,0.01818,2025-05-05 14:12:25.766432,1,2.0
0.0023068795,0.0019728509,0.0026469948,0.0025457048,0.0017996341,0.0024649822,0.0028135064,0.0023077533,0.0023260273,0.0021990894,0.01818,2025-05-05 14:12:25.807920,1,2.0
0.0023216282,0.0019197656,0.0026685512,0.0025542967,0.0017903344,0.0024346076,0.002824644,0.0022811256,0.0023582662,0.0021783533,0.01818,2025-05-05 14:12:25.849625,1,2.0
0.0023258226,0.0019508963,0.0026930217,0.0025591452,0.0017704259,0.0024512603,0.002843426,0.0022971972,0.0023442947,0.0022202497,0.01818,2025-05-05 14:12:25.910927,1,2.0
0.0024428018,0.0020294122,0.0026903308,0.0025747328,0.0018198665,0.0024791562,0.0028634246,0.0022800642,0.0023700031,0.0022207738,0.01818,2025-05-05 14:12:25.953893,1,2.0
0.0025308128,0.0020169474,0.0026712823,0.002593719,0.0018027991,0.0024669268,0.0028564439,0.0022590056,0.0023640525,0.0021898458,0.01818,2025-05-05 14:12:25.994264,1,2.0
0.0025115288,0.0020433904,0.00268227,0.0025891354,0.0018014816,0.0024514147,0.0028443479,0.0022315725,0.0023640585,0.0021806662,0.01818,2025-05-05 14:12:26.037301,1,2.0
0.0025518266,0.0020574948,0.0026430867,0.0025997753,0.001795292,0.0024600932,0.0028208375,0.002243224,0.0023812845,0.0021765952,0.01818,2025-05-05 14:12:26.078795,1,2.0
0.0024447038,0.0021131337,0.0026577783,0.0026052345,0.0017676483,0.0024824142,0.0028224029,0.0022134534,0.002392417,0.002189208,0.01818,2025-05-05 14:12:26.120514,1,2.0
0.0024471115,0.0020999203,0.0026338797,0.0025977474,0.0017568001,0.002495295,0.0028227908,0.0022479892,0.002401156,0.0021639415,0.01818,2025-05-05 14:12:26.183352,1,2.0
0.0023305116,0.0021406643,0.0026249178,0.0026174926,0.0017082979,0.0025110312,0.0028284788,0.0022728634,0.002373707,0.0021447416,0.01818,2025-05-05 14:12:26.224744,1,2.0
0.002302429,0.0021392142,0.002623244,0.0026402683,0.0017289866,0.0025255047,0.0028243505,0.0022154627,0.002395549,0.0021270774,0.01818,2025-05-05 14:12:26.266374,1,2.0
0.0021850672,0.0021010498,0.0026067933,0.0026272691,0.0017428299,0.0025282672,0.0028074908,0.002205082,0.002395998,0.0021423064,0.01818,2025-05-05 14:12:26.307964,1,2.0
0.0020460868,0.002120267,0.0026046725,0.002588909,0.001730991,0.0025142878,0.0027963058,0.0022698648,0.0023916403,0.0021450047,0.01818,2025-05-05 14:12:26.349591,1,2.0
0.0020460228,0.0021448927,0.0025962894,0.0025754678,0.0017848931,0.0024915615,0.0027589828,0.0022530993,0.0024024036,0.0021591473,0.01818,2025-05-05 14:12:26.412066,1,2.0
0.0020965827,0.0021374046,0.0025923175,0.0025600055,0.0018032166,0.0025073988,0.002763193,0.0022455174,0.0024244653,0.00216319,0.01818,2025-05-05 14:12:26.453607,1,2.0
0.0020636446,0.0020695918,0.0025903073,0.002604528,0.0018048822,0.0024903803,0.002755929,0.0022467072,0.0024328437,0.0021715823,0.01818,2025-05-05 14:12:26.495499,1,2.0
0.001991842,0.0020794778,0.0026174108,0.0025491482,0.0018153649,0.0024671508,0.0027939728,0.0022614794,0.0024406726,0.0021756098,0.01818,2025-05-05 14:12:26.536042,1,2.0
0.0020286385,0.0020264133,0.0026334324,0.0025745172,0.0018098115,0.0024836708,0.0028091844,0.0021897831,0.0024577007,0.0021659012,0.01818,2025-05-05 14:12:26.578650,1,2.0
0.0020929598,0.0019206884,0.0026597625,0.0025673762,0.001775724,0.0024569836,0.002807694,0.0021818902,0.0024726505,0.0021677793,0.01818,2025-05-05 14:12:26.619775,1,2.0
0.002068929,0.0019428105,0.0026668368,0.0025676768,0.0017824037,0.0024366844,0.0028068605,0.0022090778,0.0024769318,0.002201005,0.01818,2025-05-05 14:12:26.682904,1,2.0
0.0021320654,0.0019085793,0.0026937455,0.0025854504,0.00179641,0.0024302625,0.002813855,0.0021770415,0.002468341,0.0022278724,0.01818,2025-05-05 14:12:26.724692,1,2.0
0.002120547,0.0018891087,0.0027057424,0.0025498865,0.0017849538,0.0024226126,0.0028233435,0.00218373,0.0024490429,0.0022386366,0.01818,2025-05-05 14:12:26.766296,1,2.0
0.0021605126,0.0019312823,0.0026896582,0.0025533226,0.0017634544,0.002412939,0.0028279184,0.0022049912,0.0024471479,0.002215941,0.01818,2025-05-05 14:12:26.807917,1,2.0
0.0022660391,0.0019987014,0.0026761573,0.0025735605,0.0017702458,0.002398838,0.002841598,0.0022203745,0.0024262122,0.0022111137,0.01818,2025-05-05 14:12:26.849616,1,2.0
0.0024003426,0.0020311947,0.002697351,0.0025808401,0.0017790063,0.0023920555,0.0028406596,0.0022400958,0.002404171,0.0022100273,0.01818,2025-05-05 14:12:26.891056,1,2.0
0.002448786,0.0020349082,0.002667202,0.002551702,0.0017566836,0.002393248,0.0028367548,0.0022658096,0.0023778758,0.0022426427,0.01818,2025-05-05 14:12:26.953646,1,2.0
0.002503313,0.0020887344,0.0026486502,0.0025608402,0.001756801,0.0024140072,0.002819217,0.0023025211,0.0023608732,0.0022313886,0.01818,2025-05-05 14:12:26.995625,1,2.0
0.0025234355,0.0020868948,0.0025939886,0.0025676661,0.001773826,0.0023779804,0.0028050134,0.00227914,0.0023703387,0.002226613,0.01818,2025-05-05 14:12:27.036995,1,2.0
0.0026263345,0.0020440575,0.002585196,0.0025616603,0.0017397079,0.0023720425,0.0028015971,0.0022543506,0.0023695817,0.0022282668,0.01818,2025-05-05 14:12:27.077492,1,2.0
0.0025474448,0.0020172298,0.002598138,0.002574178,0.0017850412,0.002387696,0.002791396,0.002234596,0.0023917342,0.0022228004,0.01818,2025-05-05 14:12:27.120468,1,2.0
0.0024950488,0.001995258,0.0026068457,0.002556019,0.0017960299,0.0024092356,0.002814331,0.0022000403,0.0024179283,0.0021931669,0.01818,2025-05-05 14:12:27.182796,1,2.0
0.0025410866,0.0019144963,0.0026145068,0.002588418,0.0018193169,0.0023960064,0.0028476901,0.0022187114,0.0024083983,0.0021877263,0.01818,2025-05-05 14:12:27.224469,1,2.0
0.0024054952,0.0019122283,0.0025918966,0.0026126215,0.0018366666,0.0024119408,0.0028294856,0.0021810534,0.0023829187,0.0022000286,0.01818,2025-05-05 14:12:27.266178,1,2.0
0.0024331077,0.0019653307,0.0025972219,0.0026018599,0.0018388635,0.0024048593,0.0028272325,0.0021512338,0.002340593,0.0022269117,0.01818,2025-05-05 14:12:27.307785,1,2.0
0.0024697513,0.0019806118,0.0025932947,0.0025743344,0.0018370249,0.0023917258,0.0028350104,0.0021849186,0.002308794,0.0022395523,0.01818,2025-05-05 14:12:27.349632,1,2.0
0.0023555446,0.001969495,0.0026247154,0.0025709905,0.0018177399,0.002381017,0.0028242336,0.0022162513,0.002309463,0.0022045062,0.01818,2025-05-05 14:12:27.391165,1,2.0
0.0023613044,0.002000081,0.0026567322,0.0025789693,0.0018021377,0.0023924795,0.002810812,0.002206469,0.0022886023,0.0021985956,0.01818,2025-05-05 14:12:27.453758,1,2.0
0.0023218335,0.0020302555,0.00265878,0.0025865198,0.0017961035,0.0024178473,0.002810683,0.0022213887,0.0023020753,0.002198668,0.01818,2025-05-05 14:12:27.494878,1,2.0
0.002206407,0.0021081332,0.0026388878,0.0025765,0.0017939027,0.002433567,0.002818808,0.002250038,0.002281337,0.0022098033,0.01818,2025-05-05 14:12:27.537139,1,2.0
0.002258197,0.0020933868,0.002662885,0.002604379,0.0017820497,0.0024425508,0.0028105408,0.002209016,0.0022738911,0.0022204968,0.01818,2025-05-05 14:12:27.578765,1,2.0
0.002347475,0.0021015266,0.0026716297,0.0026042454,0.0017813245,0.002432632,0.0027927835,0.0021762177,0.0022846297,0.0022434415,0.01818,2025-05-05 14:12:27.620478,1,2.0
0.0023455743,0.0020488217,0.0026468944,0.0025987246,0.0017823043,0.00244099,0.0027588457,0.0022010251,0.0023019493,0.0022366347,0.01818,2025-05-05 14:12:27.662021,1,2.0
0.0023740407,0.0020040742,0.002654583,0.0025821996,0.0018102704,0.002453593,0.0027471748,0.0022168697,0.0023410954,0.0022228335,0.01818,2025-05-05 14:12:27.724661,1,2.0
0.0023317398,0.0019966399,0.0026586433,0.0025981579,0.0017997002,0.0024807884,0.002744795,0.0022692536,0.002340018,0.0021864634,0.01818,2025-05-05 14:12:27.766183,1,2.0
0.0022705023,0.0019990988,0.002634902,0.0026049477,0.001814632,0.0025146636,0.0027514917,0.0023290387,0.002321522,0.0021758606,0.01818,2025-05-05 14:12:27.807840,1,2.0
0.0021630004,0.002013661,0.0026277793,0.0025791996,0.0018050463,0.0025345262,0.0027825695,0.0023826372,0.0023338592,0.0022017455,0.01818,2025-05-05 14:12:27.849552,1,2.0
0.0021552555,0.0020181492,0.0026090033,0.0026213045,0.001803693,0.0025433763,0.0028119478,0.0024062307,0.0023776265,0.0022257478,0.01818,2025-05-05 14:12:27.891163,1,2.0
0.002080139,0.00197031,0.0026014624,0.0026000203,0.0018246478,0.002539951,0.0028160913,0.002434974,0.002366726,0.0022400452,0.01818,2025-05-05 14:12:27.953734,1,2.0
0.0021618647,0.001996886,0.002614955,0.0025928474,0.0018507852,0.0025254616,0.0028122603,0.0023898422,0.0023558137,0.0022572898,0.01818,2025-05-05 14:12:27.995057,1,2.0
0.002235633,0.0019983805,0.0026040887,0.0025927722,0.0018306844,0.0024905577,0.0028207286,0.002380766,0.0023563378,0.0022393642,0.01818,2025-05-05 14:12:28.035738,1,2.0
0.0023669004,0.0020137844,0.0026011323,0.0026126138,0.0018185837,0.0024661936,0.002816758,0.002300003,0.0023464675,0.0022228572,0.01818,2025-05-05 14:12:28.077735,1,2.0
0.0022869722,0.0020342018,0.0025948929,0.0025894516,0.0018040421,0.0024369298,0.0028263356,0.0022552386,0.0023525828,0.0022276007,0.01818,2025-05-05 14:12:28.118927,1,2.0
0.0023000354,0.0020046136,0.002593913,0.0025779945,0.0017889128,0.0024302928,0.0028392517,0.002168249,0.0023690443,0.0022396997,0.01818,2025-05-05 14:12:28.162258,1,2.0
0.002309067,0.001959191,0.0025916742,0.0025806744,0.0017461462,0.0024243507,0.0028427122,0.0021079322,0.0024042956,0.0022338089,0.01818,2025-05-05 14:12:28.223985,1,2.0
0.0021933096,0.0019066986,0.0026187378,0.00256235,0.0017574782,0.0023938385,0.0028359513,0.002073611,0.0023676972,0.0022438525,0.01818,2025-05-05 14:12:28.266404,1,2.0
0.0021478191,0.0019440121,0.002610024,0.0025676275,0.0017411038,0.0023983372,0.002815548,0.0020643033,0.0023870866,0.0022209748,0.01818,2025-05-05 14:12:28.307153,1,2.0
0.0021681325,0.0019737957,0.0025928013,0.002555202,0.0017457348,0.0023842107,0.002788465,0.002035593,0.0023882121,0.0021829298,0.01818,2025-05-05 14:12:28.348771,1,2.0
0.0020954846,0.001954882,0.0026073186,0.0025465437,0.0017683376,0.0023778228,0.0027848051,0.0020980076,0.0023892045,0.0021437728,0.01818,2025-05-05 14:12:28.390978,1,2.0
0.0020026655,0.0020097888,0.0026084182,0.0025384526,0.0017644061,0.0023841443,0.0027719191,0.0021094792,0.0023627607,0.0021238327,0.01818,2025-05-05 14:12:28.453868,1,2.0
0.0020421653,0.0020520708,0.002620635,0.0025505105,0.001739285,0.00243627,0.002796767,0.0021698717,0.002373578,0.0021490552,0.01818,2025-05-05 14:12:28.493763,1,2.0
0.002016588,0.0020521958,0.0026263269,0.00256778,0.0017626595,0.0024534916,0.0028128743,0.0022034594,0.0023482458,0.0021513167,0.01818,2025-05-05 14:12:28.535876,1,2.0
0.0020948134,0.0020805236,0.002636745,0.0025666845,0.001780091,0.0024682374,0.0028135364,0.0022382084,0.00233194,0.00215012,0.01818,2025-05-05 14:12:28.578931,1,2.0
0.0020499374,0.002095561,0.0026343018,0.002559396,0.0017927417,0.0025050465,0.002826035,0.0022792297,0.0023379314,0.002169262,0.01818,2025-05-05 14:12:28.620480,1,2.0
0.002204663,0.002103996,0.002629942,0.002560835,0.0017895605,0.0025061457,0.0028141632,0.0022868675,0.0023621472,0.0022000556,0.01818,2025-05-05 14:12:28.661882,1,2.0
0.0022285564,0.0020631645,0.0026155955,0.0025589461,0.001792972,0.0025247678,0.002827112,0.0023215553,0.002330423,0.0021938311,0.01818,2025-05-05 14:12:28.723009,1,2.0
0.0022887678,0.002019279,0.0026126178,0.0025597159,0.0017906756,0.0025196064,0.0028270097,0.0022924286,0.0023207704,0.0022086871,0.01818,2025-05-05 14:12:28.766114,1,2.0
0.0024122815,0.0019551157,0.0026334848,0.002564935,0.0018003219,0.00252515,0.002827097,0.002290111,0.0023220326,0.0022217457,0.01818,2025-05-05 14:12:28.806268,1,2.0
0.0024173358,0.0018915704,0.002642091,0.0025452368,0.0018035431,0.002507541,0.002811564,0.0023303805,0.0023099217,0.0022388273,0.01818,2025-05-05 14:12:28.849668,1,2.0
0.0024582937,0.0019198088,0.0026846274,0.0025215517,0.0017642329,0.0024934248,0.0028245342,0.0022889688,0.0022780378,0.0022336394,0.01818,2025-05-05 14:12:28.889963,1,2.0
0.002499198,0.0019013886,0.0026761144,0.0025211652,0.001740849,0.0024948814,0.0027961433,0.0022551098,0.002280519,0.0022284654,0.01818,2025-05-05 14:12:28.933075,1,2.0
0.0024430116,0.001858411,0.0026617441,0.00249229,0.0017615241,0.0024665827,0.002778918,0.0021940481,0.0022924663,0.0022274954,0.01818,2025-05-05 14:12:28.995627,1,2.0
0.0023249453,0.0019147997,0.0026962499,0.0024934458,0.0017692948,0.002452674,0.0027859795,0.002184659,0.0022610128,0.0022429193,0.01818,2025-05-05 14:12:29.037074,1,2.0
0.002280965,0.0019608894,0.0027111424,0.00248684,0.0017770419,0.002462151,0.0027821744,0.002184625,0.0022581562,0.0022215713,0.01818,2025-05-05 14:12:29.077551,1,2.0
0.002163757,0.0019696502,0.002719586,0.0024660078,0.0018030466,0.0024775674,0.0027979645,0.0022262554,0.0022907557,0.0022247534,0.01818,2025-05-05 14:12:29.119929,1,2.0
0.0021349117,0.0020308793,0.0027436928,0.0024527246,0.0018189566,0.0024811246,0.0027998846,0.0021668426,0.0022969209,0.002231078,0.01818,2025-05-05 14:12:29.162076,1,2.0
0.0021782953,0.0020414763,0.00276398,0.00243718,0.0018298374,0.0024735657,0.0028186953,0.0020912685,0.002324928,0.0022187876,0.01818,2025-05-05 14:12:29.224525,1,2.0
0.0021924651,0.0020590366,0.0027650495,0.0024382013,0.001846258,0.002493821,0.0028101844,0.0020603733,0.0023444272,0.0022322745,0.01818,2025-05-05 14:12:29.266224,1,2.0
0.0021536432,0.0020762773,0.0027592229,0.0024545928,0.0018624283,0.0024839896,0.0028292027,0.0020500494,0.0023262417,0.0022414052,0.01818,2025-05-05 14:12:29.307801,1,2.0
0.0023156938,0.0021187076,0.0027469003,0.002440984,0.0018470119,0.0024721227,0.0028033578,0.0020975682,0.0023280915,0.002243472,0.01818,2025-05-05 14:12:29.348299,1,2.0
0.0023236996,0.002163636,0.00271427,0.0024394402,0.0018461265,0.0024661068,0.0028033368,0.0021327997,0.0023291144,0.0022235108,0.01818,2025-05-05 14:12:29.391332,1,2.0
0.0024308895,0.0021789372,0.0027302315,0.0024534285,0.0018318803,0.0024720458,0.0028000097,0.0021522492,0.0023532247,0.0022267785,0.01818,2025-05-05 14:12:29.433030,1,2.0
0.0024773644,0.0021759162,0.0027144426,0.0024803632,0.0018363157,0.0024378002,0.0028046533,0.002128848,0.0023498863,0.0022287397,0.01818,2025-05-05 14:12:29.493998,1,2.0
0.002554324,0.0021524597,0.0027587314,0.0024063091,0.0018031708,0.0023958697,0.002754168,0.0021502583,0.0023522868,0.0022366312,0.01818,2025-05-05 14:12:29.537073,1,2.0
0.0024914742,0.0020838606,0.0028306413,0.0024442298,0.0018136246,0.0026100508,0.0027925733,0.0022494313,0.0023040527,0.002223539,0.01818,2025-05-05 14:12:29.577584,1,2.0
0.0023296946,0.0020570038,0.0027440141,0.0024612003,0.0018268096,0.0025953297,0.0028467653,0.0021777013,0.0023242817,0.0023579225,0.01818,2025-05-05 14:12:29.620484,1,2.0
0.0024497565,0.0019978804,0.0026703905,0.002516521,0.0017997128,0.0025223428,0.0028129008,0.0021622593,0.0023694641,0.0024746845,0.01818,2025-05-05 14:12:29.661920,1,2.0
0.0023063305,0.001944986,0.0026998895,0.0025104121,0.0017998832,0.0026883862,0.0028387327,0.0021407783,0.0023832307,0.0024914525,0.01818,2025-05-05 14:12:29.703631,1,2.0
0.0022711882,0.0020016136,0.0026335248,0.0025456226,0.0017770146,0.0028436983,0.0028235293,0.0021736582,0.0024289712,0.0023489583,0.01818,2025-05-05 14:12:29.766170,1,2.0
0.0022137295,0.0019850591,0.0027262594,0.0025906854,0.0017396465,0.0027553593,0.0028540501,0.0021434617,0.0023981407,0.0023535844,0.01818,2025-05-05 14:12:29.806634,1,2.0
0.0021598523,0.0020326984,0.0027295593,0.0026002948,0.001731943,0.0027332082,0.002857048,0.0020569193,0.0023790493,0.002172595,0.01818,2025-05-05 14:12:29.850008,1,2.0
0.002241502,0.002040115,0.002715832,0.0026265753,0.001724779,0.002925325,0.0028671979,0.0020427261,0.0024445455,0.002182838,0.01818,2025-05-05 14:12:29.891159,1,2.0
0.0022127859,0.00206679,0.0026635714,0.0026354045,0.0017583484,0.0029853506,0.002863754,0.0020197374,0.0024833197,0.0021539927,0.01818,2025-05-05 14:12:29.932999,1,2.0
0.0022512705,0.0020665198,0.002593569,0.0026412725,0.001770204,0.0029169694,0.002876146,0.001978456,0.002495434,0.0019418929,0.01818,2025-05-05 14:12:29.995603,1,2.0
0.0022137254,0.0020790724,0.0025584341,0.0026064648,0.0018033655,0.002587233,0.002815898,0.0020106821,0.0024521516,0.0018548293,0.01818,2025-05-05 14:12:30.037200,1,2.0
0.0023004822,0.0020974248,0.0025584179,0.0026021528,0.0018667952,0.0026110404,0.0027516955,0.0020265232,0.0024236792,0.0017518586,0.01818,2025-05-05 14:12:30.077706,1,2.0
0.0023452088,0.0020770542,0.0026798053,0.002576275,0.0018675235,0.0026917756,0.0027721345,0.0020668232,0.0023515346,0.0017114574,0.01818,2025-05-05 14:12:30.120406,1,2.0
0.002405141,0.002040772,0.002618418,0.002595357,0.001852889,0.0026178746,0.002763829,0.0021390638,0.002311253,0.0017140928,0.01818,2025-05-05 14:12:30.162082,1,2.0
0.002392047,0.0021367138,0.0026901518,0.0025742415,0.0018098075,0.0024411452,0.0027979626,0.0023121801,0.0022962985,0.0017891517,0.01818,2025-05-05 14:12:30.203778,1,2.0
0.0023330627,0.0021237805,0.0025817205,0.0025783766,0.0018079478,0.002271149,0.0027721727,0.0023846796,0.0022493822,0.001827424,0.01818,2025-05-05 14:12:30.265905,1,2.0
0.0022156157,0.0020813567,0.0025923252,0.0025860232,0.0017909069,0.0024025433,0.0028015708,0.0023527057,0.0022429426,0.0020874273,0.01818,2025-05-05 14:12:30.307860,1,2.0
0.002245596,0.0020859465,0.0026772828,0.0025727288,0.0017734541,0.0024065857,0.002809092,0.0023287307,0.0021956984,0.0020748805,0.01818,2025-05-05 14:12:30.348709,1,2.0
0.0022878547,0.0021023918,0.002723354,0.0026036995,0.0017664941,0.002385773,0.0028038083,0.0023203827,0.0021928798,0.0021012549,0.01818,2025-05-05 14:12:30.391088,1,2.0
0.0022454618,0.0020757837,0.0027997878,0.0026409857,0.001784117,0.0022407656,0.0028384554,0.0022838865,0.00222449,0.0021586828,0.01818,2025-05-05 14:12:30.431417,1,2.0
0.0022390746,0.0019973856,0.002742135,0.002637612,0.0017802303,0.0023564168,0.002843254,0.002247182,0.0023208347,0.0021967103,0.01818,2025-05-05 14:12:30.474560,1,2.0
0.00225081,0.0019736348,0.0027678062,0.002649416,0.001804038,0.0024062074,0.0028420482,0.0021689464,0.0023168223,0.0021685674,0.01818,2025-05-05 14:12:30.537109,1,2.0
0.0022649216,0.0019174562,0.0027387042,0.002655384,0.001830255,0.0024404933,0.0028385788,0.0021777262,0.0023261998,0.0021159074,0.01818,2025-05-05 14:12:30.578577,1,2.0
0.0022824015,0.0019106119,0.0027056253,0.0026083246,0.0018151393,0.0024638935,0.0028504038,0.0021280563,0.0023337805,0.002152417,0.01818,2025-05-05 14:12:30.620346,1,2.0
0.002339082,0.0019408729,0.002665803,0.0025855363,0.0017924244,0.0024547253,0.002841769,0.0021178883,0.0023169767,0.002233472,0.01818,2025-05-05 14:12:30.661508,1,2.0
0.002332163,0.0019173229,0.0026745838,0.0025653222,0.0018355761,0.002424357,0.0028477407,0.0021513705,0.0023283234,0.0022349064,0.01818,2025-05-05 14:12:30.704180,1,2.0
0.002263507,0.001904151,0.0026937728,0.0025723686,0.001833687,0.0024306106,0.002821012,0.0021794538,0.002323849,0.0022178174,0.01818,2025-05-05 14:12:30.766268,1,2.0
0.0022239506,0.0019783932,0.0026925888,0.0025640263,0.0018123793,0.0024394654,0.002825686,0.0021183677,0.0023172197,0.0021975713,0.01818,2025-05-05 14:12:30.808165,1,2.0
0.0022722275,0.0020036472,0.002666097,0.0025565524,0.0017869382,0.002450094,0.0028276115,0.0020805683,0.0023230244,0.0022098403,0.01818,2025-05-05 14:12:30.848944,1,2.0
0.0023662366,0.002036041,0.002652216,0.0025501014,0.0017976525,0.002445696,0.0028090884,0.002111135,0.002305174,0.0021959068,0.01818,2025-05-05 14:12:30.891243,1,2.0
0.002384638,0.0020112742,0.0026351735,0.0025308074,0.0017633181,0.0024371212,0.0027893407,0.0021107467,0.0023271635,0.0021890854,0.01818,2025-05-05 14:12:30.932968,1,2.0
0.0023692613,0.0020221088,0.002629963,0.002512197,0.0017457737,0.0024676574,0.0027746602,0.002098023,0.0023508677,0.002186829,0.01818,2025-05-05 14:12:30.974490,1,2.0
0.0023698101,0.0019649775,0.0026428746,0.002494556,0.0017593735,0.0024589445,0.0027736665,0.002132503,0.002358124,0.0021818078,0.01818,2025-05-05 14:12:31.036908,1,2.0
0.002407037,0.001999587,0.002649194,0.0025031243,0.0017782099,0.0025051294,0.0027714053,0.0022203338,0.0023215543,0.002208211,0.0,2025-05-05 14:12:31.077321,0,
0.0024646777,0.0019589425,0.0026912761,0.0025375444,0.001817134,0.0025271894,0.002793882,0.0022550232,0.0023561732,0.0022157219,0.0,2025-05-05 14:12:31.119468,0,
0.0024720705,0.001958917,0.0026839653,0.002519389,0.0018457775,0.0025200704,0.0027780738,0.002324084,0.0023595095,0.002241524,0.0,2025-05-05 14:12:31.160887,0,
0.002538308,0.001954803,0.0026687193,0.0025045362,0.0018522429,0.0025195947,0.0028123527,0.0024038467,0.0023488663,0.002250767,0.0,2025-05-05 14:12:31.202224,0,
0.0025655315,0.0019869877,0.0026540898,0.0025177496,0.0018485347,0.0025153563,0.002798765,0.0024145166,0.0023333996,0.00223679,0.0,2025-05-05 14:12:31.245630,0,
0.0025007976,0.002005863,0.002660186,0.0025390415,0.0018282164,0.0025058489,0.0028148678,0.0023940972,0.00233815,0.0022207703,0.0,2025-05-05 14:12:31.307429,0,
0.0024233076,0.001975945,0.0027028346,0.0025382785,0.0018383343,0.0024785013,0.0028131057,0.0023700763,0.002341015,0.0022101286,0.0,2025-05-05 14:12:31.348453,0,
0.0024432694,0.0019900666,0.002707104,0.0025731928,0.0017880582,0.0024616816,0.002826636,0.0022968657,0.0023366828,0.0022128904,0.0,2025-05-05 14:12:31.391461,0,
0.0024294043,0.002035552,0.002708317,0.0025816013,0.0017804999,0.002441679,0.0028178361,0.0022287997,0.0023367058,0.0022034938,0.0,2025-05-05 14:12:31.431957,0,
0.0023732076,0.0020454947,0.002732059,0.0026196048,0.0017640109,0.0024456214,0.0028321904,0.0022200742,0.0023460048,0.0022292335,0.0,2025-05-05 14:12:31.473668,0,
0.0022517268,0.0020599943,0.0027416777,0.0026056834,0.001731469,0.0024424724,0.0028309284,0.0022286621,0.0023347875,0.0021998382,0.0,2025-05-05 14:12:31.536832,0,
0.0022841985,0.0020378605,0.0027247588,0.0025765891,0.0017444736,0.0024401227,0.0028080237,0.0022076876,0.0023661978,0.0021637715,0.0,2025-05-05 14:12:31.578888,0,
0.002275901,0.0020515346,0.0027538044,0.0025721577,0.0017377821,0.0024410933,0.0028079415,0.0022157892,0.0023113603,0.0021513153,0.0,2025-05-05 14:12:31.619756,0,
0.002229805,0.0020161502,0.0027688383,0.0025643897,0.0017386234,0.0024388288,0.002797157,0.0022701377,0.0022982322,0.0021292598,0.0,2025-05-05 14:12:31.662231,0,
0.002253793,0.0020246012,0.0027948634,0.0025705837,0.0017381014,0.002481127,0.0028355941,0.0022995814,0.0023033388,0.002132991,0.0,2025-05-05 14:12:31.703722,0,
0.0022942247,0.0019709363,0.00279398,0.0025766245,0.001764013,0.002476216,0.0028426405,0.002356224,0.0023003446,0.0021288248,0.0,2025-05-05 14:12:31.745521,0,
0.0023421138,0.001959413,0.0027485995,0.0025726848,0.0017834901,0.0024679767,0.0028374468,0.0023851865,0.0023092285,0.0021204639,0.0,2025-05-05 14:12:31.807841,0,
0.0023222365,0.001964037,0.002743693,0.0025539764,0.0017968706,0.0024334125,0.0028400945,0.002328691,0.0023557595,0.0021292146,0.0,2025-05-05 14:12:31.849527,0,
0.002318765,0.0019818873,0.002709906,0.0025790725,0.0017938403,0.0024459094,0.0028613033,0.0022506772,0.002343751,0.002150974,0.0,2025-05-05 14:12:31.891138,0,
0.0023742672,0.002024312,0.0027030252,0.0025224353,0.0018056859,0.0024434542,0.0028595955,0.0022596403,0.002358974,0.0021469016,0.0,2025-05-05 14:12:31.932819,0,
0.0023236598,0.0020230194,0.0027116938,0.0025294665,0.0017790431,0.002442083,0.0028415064,0.002262782,0.0023972937,0.0021568905,0.0,2025-05-05 14:12:31.974599,0,
0.0023178079,0.00202528,0.0027107769,0.0025440385,0.0017620905,0.0024424768,0.00286097,0.0022303325,0.00242706,0.0021859522,0.0,2025-05-05 14:12:32.016613,0,
0.0023919356,0.0020218762,0.002665768,0.0025563177,0.0017611462,0.002433208,0.0028647913,0.002199006,0.0024103886,0.0021795204,0.0,2025-05-05 14:12:32.078682,0,
0.002434194,0.001984104,0.0026976732,0.0025376265,0.0017648204,0.0024049557,0.0028642751,0.0021856185,0.002395701,0.002186216,0.0,2025-05-05 14:12:32.120462,0,
0.0024311119,0.0019977505,0.0026888829,0.002534098,0.0017654309,0.0023990355,0.0028471064,0.0021504017,0.0023853937,0.0021692351,0.0,2025-05-05 14:12:32.162087,0,
0.0024086153,0.0019569686,0.002631917,0.002506591,0.0017936563,0.0024304015,0.0028212436,0.0021134778,0.002350591,0.002165472,0.0,2025-05-05 14:12:32.203759,0,
0.0024229467,0.0019740202,0.0026343898,0.002494538,0.0018249521,0.0024172016,0.0028358232,0.0021197018,0.002334416,0.0021732566,0.0,2025-05-05 14:12:32.245456,0,
0.0023530535,0.0019878,0.0026323,0.002496392,0.0018589675,0.0024058302,0.002824723,0.0021620365,0.0023355647,0.0021640733,0.0,2025-05-05 14:12:32.306719,0,
0.0023020091,0.002009423,0.0026723049,0.0025060205,0.0018207429,0.0023894275,0.0028345447,0.0021543007,0.0023213907,0.0021412116,0.0,2025-05-05 14:12:32.348863,0,
0.0021705762,0.0019988208,0.0026827487,0.0025585617,0.0018121189,0.0024020225,0.0028461698,0.0021805104,0.0023481061,0.0021426317,0.0,2025-05-05 14:12:32.391195,0,
0.0021576856,0.0020284243,0.0026783703,0.0025566376,0.0018053047,0.0024289235,0.0028542012,0.002213644,0.0023422702,0.002139163,0.0,2025-05-05 14:12:32.432848,0,
0.0020968486,0.002028298,0.0027084767,0.0025589431,0.0017726028,0.0024436037,0.0028312542,0.0022056347,0.0023359917,0.0021276162,0.0,2025-05-05 14:12:32.474641,0,
0.002165506,0.0020283323,0.002706749,0.002550614,0.0017688207,0.0024359417,0.0028281081,0.0022450811,0.0023580957,0.0021499225,0.0,2025-05-05 14:12:32.515772,0,
0.0021667979,0.0020214096,0.0026639376,0.0025836155,0.0017456851,0.0024621221,0.0028246252,0.0023023284,0.0023681398,0.0021418019,0.0,2025-05-05 14:12:32.578773,0,
0.0021959809,0.0019727151,0.0026454476,0.0025711367,0.0017718032,0.002460819,0.0027997321,0.0023307973,0.0023513513,0.002166922,0.0,2025-05-05 14:12:32.620336,0,
0.0022961465,0.001983814,0.0027227164,0.002579566,0.0017770908,0.0025006458,0.0028126696,0.002363975,0.002346475,0.0021711315,0.0,2025-05-05 14:12:32.662164,0,
0.0022836705,0.0019775303,0.0027169932,0.0025762692,0.0017939166,0.0025145286,0.0028228562,0.0023375438,0.0023767268,0.002167546,0.0,2025-05-05 14:12:32.703629,0,
0.0023427354,0.0019871406,0.0027300038,0.0025905794,0.0018271073,0.0025366333,0.0028312071,0.0023171536,0.0023815627,0.002165273,0.0,2025-05-05 14:12:32.745480,0,
0.0022949483,0.0019763913,0.0027006024,0.0025713327,0.0018156014,0.0025522741,0.0028225493,0.0022998042,0.0023732262,0.0021690323,0.0,2025-05-05 14:12:32.787019,0,
0.0022937283,0.0019738143,0.0027078355,0.002564129,0.0017838207,0.0025103644,0.0028125984,0.0022850577,0.0023392774,0.0021598588,0.0,2025-05-05 14:12:32.849447,0,
0.002339659,0.002007681,0.0026978657,0.0025510134,0.0017876023,0.0024804592,0.0028135213,0.0023019381,0.0023735915,0.002159935,0.0,2025-05-05 14:12:32.891262,0,
0.002299277,0.0019811967,0.0026233254,0.0025766834,0.0017637417,0.002456948,0.0028108782,0.0023354173,0.0023685263,0.0021689516,0.0,2025-05-05 14:12:32.932879,0,
0.0022529126,0.001992421,0.0026771436,0.0025628074,0.001728719,0.002426333,0.0028344735,0.002341538,0.0023506638,0.0021385357,0.0,2025-05-05 14:12:32.974939,0,
0.0021914262,0.002033843,0.0026860838,0.0025710892,0.0017371393,0.0024319834,0.0028464238,0.0023580103,0.002347601,0.0021570772,0.0,2025-05-05 14:12:33.016374,0,
0.002155606,0.0020332339,0.0026953467,0.0025755933,0.00176322,0.002425348,0.0028640714,0.0023517336,0.0023320746,0.0021288707,0.0,2025-05-05 14:12:33.077212,0,
0.002112985,0.0020454747,0.0026330273,0.0025570607,0.001788732,0.0024046497,0.0028642232,0.0023474956,0.0023640888,0.0021394491,0.0,2025-05-05 14:12:33.120375,0,
0.0021143937,0.002023478,0.0026399095,0.002560773,0.0017891191,0.0024125387,0.0028532138,0.0022991123,0.0023798887,0.0021553696,0.0,2025-05-05 14:12:33.161977,0,
0.0021613822,0.0020065056,0.0026596412,0.002550288,0.0018134192,0.0024220706,0.0028729085,0.0022071118,0.002346957,0.0021390975,0.0,2025-05-05 14:12:33.203786,0,
0.002261414,0.0020036579,0.0026279243,0.0025371572,0.0018245411,0.002438194,0.0028778254,0.0021399832,0.0023500824,0.002142867,0.0,2025-05-05 14:12:33.245350,0,
0.0023004864,0.0020518857,0.0025891848,0.0025258493,0.0018192183,0.0024504464,0.0028684728,0.002121721,0.0023631526,0.002173687,0.0,2025-05-05 14:12:33.285693,0,
0.0023657505,0.002076129,0.0025870376,0.0024927682,0.0018334857,0.002481429,0.0028588509,0.0020979745,0.0023640294,0.002198434,0.0,2025-05-05 14:12:33.349901,0,
0.0023318646,0.002076559,0.0026437286,0.002517435,0.0018201496,0.0024801826,0.002855332,0.0020809965,0.0023755112,0.002183919,0.0,2025-05-05 14:12:33.389780,0,
0.0023191401,0.0020933484,0.0026049502,0.0025376456,0.001767882,0.0024861512,0.0028458564,0.0021167197,0.002375772,0.0021940272,0.0,2025-05-05 14:12:33.431822,0,
0.0023511308,0.00211873,0.0025763467,0.0025447353,0.001750265,0.0024764363,0.0028316323,0.0021434044,0.0023638457,0.0021644714,0.0,2025-05-05 14:12:33.474563,0,
0.0023044145,0.002094336,0.002538685,0.002556862,0.001750997,0.002496899,0.0028249023,0.002152264,0.0023582103,0.002174945,0.0,2025-05-05 14:12:33.516260,0,
0.0022219867,0.0020763723,0.0025487547,0.0025519235,0.0017478175,0.0024912606,0.0028306355,0.0021981285,0.0023387978,0.0021627229,0.0,2025-05-05 14:12:33.558017,0,
0.0022359437,0.0020727022,0.0025570237,0.002566033,0.0017192512,0.002475754,0.0028297338,0.0022095356,0.002322344,0.0021364144,0.0,2025-05-05 14:12:33.620377,0,
0.0021514075,0.0020772035,0.0025676936,0.0025664165,0.0017087305,0.0024837952,0.0028212916,0.00224058,0.00230739,0.0021775658,0.0,2025-05-05 14:12:33.662021,0,
0.0021817442,0.0020227504,0.0026145903,0.002582513,0.0017168653,0.0024767618,0.0028282048,0.0022628321,0.002320518,0.0021760936,0.0,2025-05-05 14:12:33.703678,0,
0.002210485,0.0020565107,0.0026419854,0.002578818,0.0017276529,0.002467006,0.0028198399,0.0022784155,0.002308261,0.0021432533,0.0,2025-05-05 14:12:33.745610,0,
0.002212915,0.0020249297,0.0026557958,0.0025577443,0.0017275417,0.0024535975,0.0028154806,0.0022414073,0.0023261474,0.0021266413,0.0,2025-05-05 14:12:33.787043,0,
0.002223862,0.0020159492,0.0026288994,0.0025619331,0.0017216721,0.0024419709,0.0028046684,0.002206927,0.00233329,0.0021323124,0.0,2025-05-05 14:12:33.849563,0,
0.0022902726,0.0020489262,0.0026581483,0.002551596,0.0017166729,0.0024227586,0.0028165707,0.0022132949,0.0023342292,0.0021342838,0.0,2025-05-05 14:12:33.890080,0,
0.00235831,0.002070978,0.0026751312,0.0025536518,0.0016966216,0.0024227756,0.002812078,0.0022567546,0.0023233693,0.0021291557,0.0,2025-05-05 14:12:33.932462,0,
0.0023017721,0.0020489933,0.00269366,0.0025553484,0.0017135852,0.002416383,0.0028047266,0.002237884,0.0023518247,0.0021369047,0.0,2025-05-05 14:12:33.974654,0,
0.0022889336,0.0020909177,0.0027079463,0.0025700503,0.001724822,0.002440562,0.0028033415,0.0022120278,0.0023322655,0.0021378908,0.0,2025-05-05 14:12:34.016489,0,
0.0021981408,0.0021003871,0.0026878004,0.0025637941,0.0017237121,0.0024343827,0.0027893204,0.0022037895,0.0023237302,0.0021753253,0.0,2025-05-05 14:12:34.057923,0,
0.0022525021,0.0021161442,0.0026843462,0.0025627057,0.0017237383,0.002429921,0.0027853881,0.0022301362,0.0023353077,0.002183109,0.0,2025-05-05 14:12:34.120562,0,
0.002188676,0.0020384074,0.0027013347,0.0025486397,0.0017828464,0.0022984226,0.0027399093,0.0022154353,0.0022966966,0.0022610733,0.0,2025-05-05 14:12:34.161454,0,
0.0021219656,0.0020507018,0.0026402785,0.0025748387,0.0017709419,0.0022915013,0.002720706,0.0021787705,0.002289049,0.0022946156,0.0,2025-05-05 14:12:34.203868,0,
0.0021932882,0.0020251125,0.0027671354,0.0026056394,0.0017359578,0.00228931,0.0027161774,0.0021358854,0.0023331805,0.0022570842,0.0,2025-05-05 14:12:34.245297,0,
0.002205125,0.0020129622,0.002646453,0.0026282477,0.0017080078,0.0022699405,0.0027339463,0.0021689178,0.0023498598,0.0023526999,0.0,2025-05-05 14:12:34.286985,0,
0.0022320896,0.0020020446,0.002645367,0.0026536933,0.0017482121,0.0022879622,0.0027131585,0.002134116,0.002368711,0.0024058123,0.0,2025-05-05 14:12:34.329498,0,
0.002266972,0.0019629437,0.0026247161,0.0026478232,0.001730142,0.0022776853,0.0027149671,0.0020835926,0.0024166938,0.002311736,0.0,2025-05-05 14:12:34.389794,0,
0.0023026392,0.0019816256,0.0026124192,0.0026428062,0.0017491633,0.002216925,0.002745735,0.002149696,0.0024777402,0.0023195546,0.0,2025-05-05 14:12:34.432910,0,
0.0023775052,0.0020205034,0.002609571,0.0026216141,0.0017299721,0.002422166,0.0027450516,0.0021558246,0.0025686026,0.0024194333,0.0,2025-05-05 14:12:34.474633,0,
0.0023649351,0.0020033575,0.0026237592,0.0026032813,0.0017431823,0.002546556,0.0027842526,0.002170516,0.002532855,0.0024055766,0.0,2025-05-05 14:12:34.515147,0,
0.0023235483,0.0020318483,0.0027138805,0.002603433,0.0017531731,0.0023757294,0.0027791106,0.0023123752,0.0025971723,0.002499291,0.0,2025-05-05 14:12:34.558073,0,
0.002334935,0.0020525486,0.0025534246,0.0026143303,0.0017786837,0.0022052128,0.0027356206,0.0023876573,0.0024786736,0.0025138166,0.0,2025-05-05 14:12:34.620435,0,
0.0022641746,0.0020882932,0.0026847515,0.00258086,0.0017523539,0.0023333484,0.0027881963,0.0023658774,0.0024195963,0.0024817754,0.0,2025-05-05 14:12:34.662122,0,
0.0022471768,0.002105891,0.0026131875,0.0026466164,0.0017348203,0.0026923036,0.002783883,0.0023849797,0.0023046308,0.0024709296,0.0,2025-05-05 14:12:34.703660,0,
0.002326434,0.0020888597,0.002594382,0.0025712696,0.0017382171,0.0023423259,0.0027928895,0.0024329608,0.0022841657,0.0024039128,0.0,2025-05-05 14:12:34.745284,0,
0.0023193718,0.00207296,0.002667686,0.0025504648,0.0018594038,0.0023849523,0.0027968113,0.002394196,0.0023051167,0.0025056305,0.0,2025-05-05 14:12:34.785916,0,
0.002344487,0.0020291077,0.002630886,0.002516945,0.0018616585,0.0022471305,0.0028131574,0.002395838,0.0023439946,0.002562925,0.0,2025-05-05 14:12:34.828908,0,
0.0022202688,0.0020525018,0.0027093354,0.0025213943,0.0019007969,0.0021522262,0.0027981708,0.0024364714,0.0023734814,0.0025813577,0.0,2025-05-05 14:12:34.891284,0,
0.0022450145,0.0021021687,0.002679163,0.0025738382,0.0018632071,0.0021704175,0.0027968928,0.002392859,0.002416963,0.0025105034,0.0,2025-05-05 14:12:34.932781,0,
0.0022560288,0.0020615489,0.002731936,0.002567621,0.0018660176,0.002194291,0.0027938008,0.0023797303,0.0023964485,0.0025023995,0.0,2025-05-05 14:12:34.974736,0,
0.0022498376,0.002036836,0.0026663684,0.0025940964,0.0018126081,0.0021855952,0.0028014048,0.002378331,0.0025215072,0.0023460274,0.0,2025-05-05 14:12:35.016408,0,
0.002266546,0.0020720721,0.0027783853,0.0025721805,0.001758238,0.0021786338,0.002863882,0.0023401729,0.0025360836,0.0023199087,0.0,2025-05-05 14:12:35.056418,0,
0.0023066804,0.0021041979,0.0028236576,0.002590829,0.001738303,0.0021406766,0.0028295398,0.0023135785,0.002490366,0.0023376928,0.0,2025-05-05 14:12:35.120380,0,
0.002346078,0.0020765988,0.002761569,0.0025600817,0.001710758,0.0021721183,0.0028462585,0.0022920566,0.0024799635,0.0023493513,0.0,2025-05-05 14:12:35.162198,0,
0.0023659705,0.0020735345,0.0026716737,0.0025761304,0.0017453387,0.0023664045,0.002833228,0.0022423025,0.0024209889,0.0022840165,0.0,2025-05-05 14:12:35.203679,0,
0.0023290128,0.002069667,0.002668622,0.0025796413,0.0018172474,0.0024513847,0.0028087627,0.002271295,0.002366889,0.0021073462,0.0,2025-05-05 14:12:35.245771,0,
0.0023572103,0.0020835763,0.002644233,0.0025827088,0.0018358469,0.0024584369,0.0027863123,0.0023303877,0.0023518596,0.002131068,0.0,2025-05-05 14:12:35.287067,0,
0.0022707772,0.0021073574,0.0026344054,0.0025665592,0.0018339505,0.0024583384,0.00279224,0.0023757508,0.0023221578,0.0021473032,0.0,2025-05-05 14:12:35.328809,0,
0.0023360031,0.0021179598,0.0026327684,0.0025325243,0.0018350331,0.0024440764,0.0027891118,0.0023610836,0.002315531,0.0021253955,0.0,2025-05-05 14:12:35.391313,0,
0.0024406798,0.0020752312,0.0025938891,0.0025208215,0.001848578,0.0024418614,0.0027639081,0.0023337284,0.0022937006,0.0021302318,0.0,2025-05-05 14:12:35.431450,0,
0.0027014525,0.002027231,0.0025916423,0.0025145828,0.0017876246,0.0024481344,0.0027608445,0.0023088804,0.0022871976,0.0021402598,0.0,2025-05-05 14:12:35.474489,0,
0.0027480142,0.0020112654,0.0025565356,0.0025023534,0.0017700477,0.0024253838,0.0027652353,0.0022402424,0.0022849843,0.002147693,0.0,2025-05-05 14:12:35.516215,0,
0.0026835136,0.0020413913,0.0025501777,0.0024887933,0.0017567565,0.0024400423,0.0027930269,0.0022356415,0.0023118774,0.002180562,0.0,2025-05-05 14:12:35.557895,0,
0.0027262385,0.0019983058,0.0025407257,0.002495428,0.0017252296,0.002437546,0.0028178834,0.0022006985,0.002352124,0.0022133384,0.0,2025-05-05 14:12:35.599389,0,
0.0027726134,0.0020403892,0.0025997127,0.0025384312,0.0017585732,0.002442968,0.0028197288,0.0021757265,0.002347365,0.0022070787,0.0,2025-05-05 14:12:35.662147,0,
0.0027943216,0.002065067,0.0025911739,0.002545632,0.0017424409,0.0024030746,0.0028337704,0.0021842606,0.0023500193,0.0022262966,0.01818,2025-05-05 14:12:35.702413,1,3.0
0.0026771477,0.002068795,0.002607166,0.0025554248,0.0017353464,0.0024133546,0.0028420477,0.002202524,0.0023418993,0.002185804,0.01818,2025-05-05 14:12:35.745494,1,3.0
0.0026324757,0.002088236,0.0026140085,0.002559284,0.0017153635,0.0024293843,0.002844949,0.0022736224,0.0023152314,0.0021878397,0.01818,2025-05-05 14:12:35.787207,1,3.0
0.0025591531,0.002065156,0.0026098692,0.0025554611,0.0017209651,0.002449827,0.0028516266,0.0022572337,0.002318159,0.0021825738,0.01818,2025-05-05 14:12:35.828688,1,3.0
0.0025126354,0.0020267686,0.0026181685,0.0025624877,0.001741089,0.002452813,0.0028527426,0.0022803606,0.0022897671,0.0021662572,0.01818,2025-05-05 14:12:35.889744,1,3.0
0.0024829586,0.0020012252,0.0026212614,0.002547475,0.0017600337,0.0024692633,0.00286542,0.002293203,0.0022771822,0.0021568185,0.01818,2025-05-05 14:12:35.932894,1,3.0
0.0024817006,0.0020334662,0.0026472546,0.0025414983,0.0017779267,0.0024847975,0.0028594076,0.0022609981,0.0023101196,0.002136902,0.01818,2025-05-05 14:12:35.974524,1,3.0
0.0023871062,0.0020310855,0.0026664054,0.0025641352,0.0017734731,0.0024852187,0.0028624043,0.0022730876,0.0022922468,0.0021324945,0.01818,2025-05-05 14:12:36.016575,1,3.0
0.0023621945,0.002015645,0.0026633043,0.0025924644,0.0017869297,0.0024738577,0.0028374812,0.0022773384,0.0023179324,0.0020888252,0.01818,2025-05-05 14:12:36.058000,1,3.0
0.0024159902,0.0020292308,0.0026354352,0.002579634,0.0017773808,0.0024622325,0.0028103234,0.0022439552,0.0023669046,0.0020778498,0.01818,2025-05-05 14:12:36.099692,1,3.0
0.002374318,0.002058738,0.0026728823,0.0025758268,0.0017599533,0.0024690998,0.0028101932,0.0022206868,0.0023780353,0.00204535,0.01818,2025-05-05 14:12:36.162502,1,3.0
0.0023498524,0.002027524,0.0026827345,0.002574625,0.0017467772,0.002457489,0.002819635,0.0022174015,0.0023527306,0.002048149,0.01818,2025-05-05 14:12:36.203768,1,3.0
0.0022971504,0.0020191583,0.0026826377,0.0025468546,0.0017432927,0.0024694018,0.0028184308,0.0022299269,0.0023412788,0.0020306585,0.01818,2025-05-05 14:12:36.245626,1,3.0
0.0022317253,0.0020632532,0.002719732,0.0025780553,0.0017466678,0.0024516687,0.0028209044,0.002227522,0.0023434437,0.002042497,0.01818,2025-05-05 14:12:36.287245,1,3.0
0.0020877833,0.002022769,0.002724977,0.0025541277,0.0017566956,0.0023966432,0.0028245328,0.0022871753,0.002330627,0.0020512852,0.01818,2025-05-05 14:12:36.328661,1,3.0
0.0021470773,0.002028226,0.0027194663,0.0025459705,0.0017580297,0.0024003324,0.0028276036,0.0022965404,0.002315966,0.002062595,0.01818,2025-05-05 14:12:36.370430,1,3.0
0.0021124505,0.0020947056,0.002697547,0.002527726,0.001756374,0.0023975563,0.0028220501,0.0022787303,0.0023279088,0.0020355284,0.01818,2025-05-05 14:12:36.432876,1,3.0
0.002080845,0.0020395652,0.0027445543,0.002495347,0.0017546227,0.0024395117,0.0028171549,0.0023134928,0.0023054706,0.0020214957,0.01818,2025-05-05 14:12:36.474504,1,3.0
0.002101204,0.0020274955,0.0027441678,0.002516715,0.0017872099,0.0024372684,0.0028213095,0.00234627,0.002302611,0.002032506,0.01818,2025-05-05 14:12:36.516320,1,3.0
0.0021306432,0.0020231346,0.0027335407,0.002506017,0.0017731215,0.0024488159,0.0028371066,0.0023682048,0.002294957,0.0020580192,0.01818,2025-05-05 14:12:36.557958,1,3.0
0.0021749444,0.002022936,0.002713149,0.0024989045,0.0017735827,0.002464693,0.002828219,0.0023499548,0.002322456,0.0020898979,0.01818,2025-05-05 14:12:36.598661,1,3.0
0.0021564828,0.0020541355,0.0027286287,0.0025030596,0.0017870164,0.0024379462,0.002819634,0.0023878524,0.0023535274,0.0021260846,0.01818,2025-05-05 14:12:36.662236,1,3.0
0.0021679038,0.002037597,0.0027183606,0.00250605,0.0017908171,0.0024175735,0.0028043273,0.0023967999,0.0023355002,0.002113641,0.01818,2025-05-05 14:12:36.703869,1,3.0
0.0022361758,0.0020686053,0.0026640792,0.0025008295,0.0018052182,0.0024311754,0.0028015333,0.002310786,0.0023397936,0.0021417264,0.01818,2025-05-05 14:12:36.744758,1,3.0
0.0021849591,0.0020223935,0.0026218535,0.0025047509,0.0018161886,0.0024165853,0.0028089006,0.002312097,0.0022900887,0.002160369,0.01818,2025-05-05 14:12:36.787157,1,3.0
0.0021950617,0.002018743,0.0026115172,0.0025182948,0.0018180272,0.002385108,0.0028080589,0.002299669,0.0023132197,0.0021639906,0.01818,2025-05-05 14:12:36.828766,1,3.0
0.0022263224,0.0021068302,0.0026291087,0.0025160236,0.0018250891,0.0023990362,0.0028386358,0.0022317984,0.0023205043,0.0021935536,0.01818,2025-05-05 14:12:36.870265,1,3.0
0.002213221,0.0020308944,0.0026301339,0.0025445202,0.0018354424,0.002421035,0.0028415062,0.0022114136,0.0023100954,0.0022212372,0.01818,2025-05-05 14:12:36.932920,1,3.0
0.0022104217,0.0020362437,0.0026389067,0.0025435255,0.0018236904,0.0024090605,0.0028362533,0.0022317062,0.0023199413,0.002221523,0.01818,2025-05-05 14:12:36.974647,1,3.0
0.0022743691,0.0020220445,0.0026311663,0.0025516234,0.0018051576,0.0024255083,0.0028457916,0.0022118918,0.0023276135,0.0022207622,0.01818,2025-05-05 14:12:37.016319,1,3.0
0.0023070977,0.00202721,0.0026414336,0.0025415842,0.001792587,0.0024391192,0.0028370903,0.0021741693,0.0023499273,0.0022060196,0.01818,2025-05-05 14:12:37.057405,1,3.0
0.0023790149,0.002065431,0.0026251127,0.0025590593,0.0017933234,0.0024699816,0.0028334574,0.0021228772,0.0023818556,0.002185558,0.01818,2025-05-05 14:12:37.099761,1,3.0
0.0023508014,0.0020840652,0.0025957183,0.0025675087,0.0017715888,0.0024806,0.0028436487,0.0021420633,0.0023822265,0.0021839242,0.01818,2025-05-05 14:12:37.141276,1,3.0
0.0023937088,0.0021380065,0.0025977609,0.0025524935,0.0017675703,0.0024784189,0.0028375539,0.0021591564,0.0023927004,0.0021678912,0.01818,2025-05-05 14:12:37.203797,1,3.0
0.0024465192,0.0020748274,0.0026056666,0.0025950146,0.0017611918,0.002471639,0.0028300753,0.0021964689,0.00241697,0.0021478736,0.01818,2025-05-05 14:12:37.245404,1,3.0
0.0023933444,0.0020445047,0.002604148,0.0025719507,0.001758521,0.002452212,0.0028304164,0.0022339562,0.002420133,0.0021494597,0.01818,2025-05-05 14:12:37.287026,1,3.0
0.0023403303,0.002063955,0.0026439668,0.0025581385,0.0017475991,0.002433744,0.0028278527,0.0022424588,0.0024223705,0.0021604681,0.01818,2025-05-05 14:12:37.328485,1,3.0
0.002423897,0.002003306,0.0026212637,0.0025753905,0.0017468488,0.0024129061,0.0028009391,0.0022430152,0.0024175323,0.0021442985,0.01818,2025-05-05 14:12:37.370572,1,3.0
0.002323235,0.002043457,0.0026241508,0.0025596474,0.0017356795,0.0023959482,0.00280463,0.0022703065,0.0023714637,0.0021396829,0.01818,2025-05-05 14:12:37.431852,1,3.0
0.0023610673,0.0020214135,0.0025837342,0.0025882064,0.0017084554,0.0024128745,0.002824418,0.0023166782,0.0023320925,0.0021239521,0.01818,2025-05-05 14:12:37.474472,1,3.0
0.002310475,0.002067052,0.0025687127,0.0025826427,0.00169048,0.0024283847,0.0028236012,0.0023056392,0.0023206212,0.0021161078,0.01818,2025-05-05 14:12:37.515492,1,3.0
0.0023964092,0.0020269176,0.0025988838,0.002613743,0.0017305156,0.0024280753,0.002841225,0.0022803342,0.0023311973,0.0021381013,0.01818,2025-05-05 14:12:37.558026,1,3.0
0.0024073576,0.0020330444,0.002635875,0.002588547,0.0017319355,0.0024119783,0.002819572,0.0023026695,0.0022920645,0.0021433537,0.01818,2025-05-05 14:12:37.598561,1,3.0
0.002403619,0.0020908022,0.002634798,0.0025761276,0.0017802032,0.0024383508,0.002828154,0.0022809266,0.0023250247,0.0021199714,0.01818,2025-05-05 14:12:37.641418,1,3.0
0.0023179802,0.0019933046,0.0026519918,0.0026068636,0.0018004868,0.0024583845,0.0028236653,0.0022416483,0.0023383338,0.002143251,0.01818,2025-05-05 14:12:37.703796,1,3.0
0.0022654363,0.0019693542,0.0026592703,0.0026014284,0.0018062348,0.0024455204,0.002820221,0.0022628522,0.0023454993,0.0021293042,0.01818,2025-05-05 14:12:37.745325,1,3.0
0.002259359,0.0019676746,0.0026404506,0.002623724,0.0017772642,0.0024488883,0.0028199006,0.0022891832,0.002388943,0.0021299934,0.01818,2025-05-05 14:12:37.787150,1,3.0
0.00225075,0.0019279519,0.0026318044,0.0025913382,0.0017362948,0.0024504934,0.0028590725,0.0022707188,0.0023961472,0.002131767,0.01818,2025-05-05 14:12:37.828754,1,3.0
0.0021842015,0.001949599,0.0026452858,0.0026143913,0.0017150156,0.0024565633,0.0028628008,0.002234441,0.0023930843,0.0021337185,0.01818,2025-05-05 14:12:37.870354,1,3.0
0.0022182392,0.0019244071,0.0026645826,0.002568769,0.0017276057,0.002424673,0.002858063,0.002207023,0.0023566461,0.002133751,0.01818,2025-05-05 14:12:37.911501,1,3.0
0.002096321,0.0019635288,0.002638689,0.0025764944,0.0017242825,0.0024147236,0.0028571407,0.0021448238,0.0023372867,0.0021467349,0.01818,2025-05-05 14:12:37.975085,1,3.0
0.0020272403,0.0019593164,0.0026193915,0.0025683544,0.0017452467,0.0023896238,0.0028425544,0.002125687,0.002338424,0.0021462534,0.01818,2025-05-05 14:12:38.015051,1,3.0
0.002086527,0.0019584398,0.0026072338,0.0025615538,0.0017312801,0.002381048,0.002851823,0.0021167716,0.0023512447,0.0021429826,0.01818,2025-05-05 14:12:38.057795,1,3.0
0.0021796192,0.0020387133,0.0026567369,0.0025750042,0.0017742838,0.002371676,0.002844325,0.0021021243,0.002374091,0.0021545708,0.01818,2025-05-05 14:12:38.099433,1,3.0
0.0022172774,0.0020370272,0.0026624468,0.0025728736,0.0017888409,0.002371641,0.0028568765,0.0020930083,0.0023654117,0.0021436936,0.01818,2025-05-05 14:12:38.141259,1,3.0
0.0022873054,0.0020503122,0.002644005,0.0025815123,0.0018093956,0.0024141718,0.002886606,0.0020765685,0.002362123,0.0021752843,0.01818,2025-05-05 14:12:38.203669,1,3.0
0.002406733,0.0020867072,0.0026335034,0.00257869,0.0018022505,0.0024119306,0.0028803626,0.0020982511,0.0023884824,0.0021587883,0.01818,2025-05-05 14:12:38.245409,1,3.0
0.0025959061,0.0020898543,0.0026586975,0.0026229837,0.0017580158,0.002430723,0.002855869,0.0020932246,0.0023736856,0.0021661574,0.01818,2025-05-05 14:12:38.287072,1,3.0
0.0025115714,0.0021135465,0.0026424904,0.0025944787,0.0017392305,0.0024456587,0.0028475772,0.002098741,0.0023749098,0.0021625862,0.01818,2025-05-05 14:12:38.327241,1,3.0
0.0025919639,0.0020982197,0.0026379924,0.0026129894,0.0017566839,0.002468171,0.0028292667,0.0021013815,0.0023650657,0.002169775,0.01818,2025-05-05 14:12:38.370500,1,3.0
0.002529705,0.002065782,0.0026522249,0.002606296,0.0017808708,0.0024480505,0.0028385415,0.0020784412,0.0023650145,0.002170517,0.01818,2025-05-05 14:12:38.412493,1,3.0
0.0024765667,0.0021064,0.0026531646,0.0026058394,0.0017656678,0.0024515719,0.002832878,0.002053939,0.0023659253,0.0021693783,0.01818,2025-05-05 14:12:38.474721,1,3.0
0.0024579905,0.0020424565,0.0026318503,0.0025889585,0.0017470917,0.0025002293,0.0028194508,0.0021138499,0.0023738905,0.002195375,0.01818,2025-05-05 14:12:38.516323,1,3.0
0.0024999697,0.0020277575,0.002634492,0.0025784986,0.0017330484,0.0025106505,0.0028078621,0.002163347,0.0023566969,0.0022075851,0.01818,2025-05-05 14:12:38.557911,1,3.0
0.0024665406,0.0020072788,0.0026119833,0.0025698598,0.0017427935,0.0024757832,0.0028037669,0.002246477,0.0023597137,0.002189538,0.01818,2025-05-05 14:12:38.599577,1,3.0
0.0023418374,0.001966144,0.002598757,0.0025442892,0.0017236216,0.0024629736,0.0027653994,0.0021974551,0.0023736055,0.0021817086,0.01818,2025-05-05 14:12:38.641306,1,3.0
0.0023031419,0.0019286898,0.0026533382,0.002526603,0.0017538647,0.002451528,0.0027579756,0.0022207005,0.0023717643,0.0022028186,0.01818,2025-05-05 14:12:38.682942,1,3.0
0.0023393882,0.00190777,0.002662398,0.0024943415,0.0017515423,0.0024468168,0.0027606983,0.0022911332,0.0023670536,0.0022055812,0.01818,2025-05-05 14:12:38.745407,1,3.0
0.0025056708,0.0019132233,0.0026982971,0.0024846662,0.001778469,0.002449386,0.0027777983,0.0023258557,0.0023608138,0.0021994123,0.01818,2025-05-05 14:12:38.787045,1,3.0
0.0025093423,0.0018970816,0.0026973097,0.0024852278,0.0017918601,0.0024319831,0.0027917903,0.0023878268,0.0023419932,0.0022166679,0.01818,2025-05-05 14:12:38.828746,1,3.0
0.0025618311,0.0018698669,0.002743815,0.0024662754,0.0018076097,0.0024566366,0.0027910355,0.0024324118,0.0023217665,0.002194304,0.01818,2025-05-05 14:12:38.870760,1,3.0
0.0026769633,0.0019356322,0.0027572338,0.0024517467,0.0017925594,0.0024493495,0.002795644,0.002383913,0.0023547122,0.002186889,0.01818,2025-05-05 14:12:38.912165,1,3.0
0.0027313493,0.0019057184,0.0027476375,0.0024826867,0.001765125,0.002439883,0.0028102,0.0023687375,0.0023404981,0.0021723078,0.01818,2025-05-05 14:12:38.974625,1,3.0
0.0026613367,0.0019373246,0.0027158957,0.0025017776,0.0017576057,0.002474366,0.002813687,0.0023606913,0.0023342764,0.0021597769,0.01818,2025-05-05 14:12:39.016295,1,3.0
0.0026008966,0.0019320606,0.0027465054,0.0025086817,0.001753646,0.0024875323,0.002823836,0.0023274259,0.002309832,0.002168342,0.01818,2025-05-05 14:12:39.057863,1,3.0
0.0025967457,0.0020071862,0.0027441208,0.0025441486,0.0017379596,0.0024868979,0.002827583,0.0021955594,0.0022904244,0.0021583552,0.01818,2025-05-05 14:12:39.099681,1,3.0
0.0025194625,0.0020160112,0.0027102106,0.0025441786,0.0017885055,0.0024855828,0.0028263703,0.0021343275,0.0022880617,0.0021531621,0.01818,2025-05-05 14:12:39.141326,1,3.0
0.0023596336,0.0020295163,0.0027043954,0.0025912856,0.001795082,0.002479533,0.0028347024,0.002142754,0.0022772953,0.0021540516,0.01818,2025-05-05 14:12:39.182977,1,3.0
0.002268898,0.0020686816,0.00267227,0.0026096466,0.0018303952,0.0024531756,0.002814948,0.0021381166,0.0022724527,0.0021577487,0.01818,2025-05-05 14:12:39.245380,1,3.0
0.00228355,0.0020604143,0.0026900363,0.0025995348,0.0018493917,0.0024240452,0.0027839735,0.0021499093,0.0022546996,0.00214215,0.01818,2025-05-05 14:12:39.287031,1,3.0
0.0020629163,0.002108502,0.0026532602,0.0025760701,0.0018532315,0.0024105727,0.0027589353,0.00219391,0.0022745533,0.0021481332,0.01818,2025-05-05 14:12:39.328419,1,3.0
0.0022089425,0.0021270278,0.0026249336,0.0025892393,0.0018396613,0.002389076,0.0027453953,0.0022460069,0.0023190603,0.002147241,0.01818,2025-05-05 14:12:39.370494,1,3.0
0.0023221485,0.002135757,0.0026112422,0.002576314,0.0017743369,0.0024071354,0.0027403214,0.0022843764,0.0022996615,0.0021488655,0.01818,2025-05-05 14:12:39.412397,1,3.0
0.002247191,0.0021366884,0.0026475464,0.0025558802,0.0017528723,0.002411007,0.0027698628,0.0023397964,0.0023443932,0.0021766622,0.01818,2025-05-05 14:12:39.453903,1,3.0
0.00227517,0.00210757,0.0026219196,0.0025459682,0.00172368,0.0024073953,0.002780751,0.0023478647,0.0023827683,0.0021851712,0.01818,2025-05-05 14:12:39.516387,1,3.0
0.002332156,0.0021341501,0.0026340543,0.0025201235,0.0016706594,0.0024161176,0.0027845209,0.0023199504,0.0023922473,0.0021976873,0.01818,2025-05-05 14:12:39.557934,1,3.0
0.0023926606,0.0020698921,0.0026285504,0.0025151789,0.0016744278,0.00244203,0.0027796926,0.0022757524,0.0023863397,0.0021765565,0.01818,2025-05-05 14:12:39.599639,1,3.0
0.0023590806,0.0019704762,0.0026647607,0.0025176504,0.0016367798,0.0024663478,0.002777408,0.0022775223,0.0023989587,0.0021641625,0.01818,2025-05-05 14:12:39.641345,1,3.0
0.002504477,0.0019407546,0.0026527573,0.0025062389,0.0016464315,0.0024739872,0.0027900427,0.002284597,0.0023964685,0.0021669567,0.01818,2025-05-05 14:12:39.682857,1,3.0
0.0025359748,0.0018773321,0.0026416508,0.0025078722,0.0016469149,0.0024824357,0.0028151115,0.0022929274,0.0024198708,0.0021680037,0.01818,2025-05-05 14:12:39.745363,1,3.0
0.0024882006,0.0019609346,0.0026443077,0.0025008584,0.0016636797,0.0024893389,0.0028291144,0.0022014417,0.0024537118,0.0021662617,0.01818,2025-05-05 14:12:39.787758,1,3.0
0.0024071669,0.0019694786,0.0026775282,0.0025555408,0.0016769392,0.0024865486,0.002822399,0.0021365522,0.0024414056,0.0021656912,0.01818,2025-05-05 14:12:39.828892,1,3.0
0.0024837267,0.0019770055,0.0026834437,0.0025631082,0.001692818,0.0024792936,0.002827976,0.0021105094,0.0024270294,0.0021563314,0.01818,2025-05-05 14:12:39.870390,1,3.0
0.002484002,0.0019449828,0.0026811338,0.0025567326,0.0016997656,0.0024375776,0.002812609,0.0021071846,0.0024060302,0.0021450743,0.01818,2025-05-05 14:12:39.912191,1,3.0
0.0025674526,0.0019261996,0.002671746,0.002563107,0.0017443888,0.0024242576,0.0027878613,0.0020585067,0.0024118654,0.0021450315,0.01818,2025-05-05 14:12:39.953773,1,3.0
0.0025420282,0.0019286558,0.0026685256,0.0025869105,0.0017233324,0.002415436,0.0027994902,0.002086497,0.0023826992,0.0021531633,0.01818,2025-05-05 14:12:40.016498,1,3.0
0.0025165954,0.001931796,0.0026634973,0.0025809682,0.0017127933,0.0023990348,0.0027941705,0.0021423711,0.0023817543,0.0021849794,0.01818,2025-05-05 14:12:40.058021,1,3.0
0.0024643256,0.0019505778,0.002651405,0.002558502,0.0016814069,0.0024041114,0.00279234,0.0021513782,0.0023617318,0.0022007874,0.01818,2025-05-05 14:12:40.099784,1,3.0
0.0024962632,0.0019705617,0.0026649204,0.0026097368,0.0016629515,0.0024317459,0.0028027254,0.002205602,0.0024006637,0.0022202735,0.01818,2025-05-05 14:12:40.141180,1,3.0
0.0025961373,0.0019308631,0.0026647393,0.0026181769,0.0016772227,0.0024238518,0.0028066135,0.0022972801,0.002406737,0.0022320955,0.01818,2025-05-05 14:12:40.183028,1,3.0
0.002646093,0.002004299,0.0026439333,0.0026004624,0.0017038824,0.0024310562,0.0028061236,0.0023417214,0.002408162,0.0022406215,0.01818,2025-05-05 14:12:40.223397,1,3.0
0.0025382054,0.0020577926,0.0026479878,0.0026167673,0.0017372761,0.002448161,0.002817747,0.0023414153,0.0023921565,0.0022671286,0.01818,2025-05-05 14:12:40.287358,1,3.0
0.0024571077,0.0020413066,0.0026426718,0.0025978088,0.0017814628,0.0024863759,0.0028183633,0.0023466602,0.002402108,0.0022701118,0.01818,2025-05-05 14:12:40.327467,1,3.0
0.0024578515,0.0020542275,0.0026440707,0.0025900984,0.0017911,0.0025007094,0.0028091413,0.0023633537,0.0024113976,0.0022607977,0.01818,2025-05-05 14:12:40.370289,1,3.0
0.0024403525,0.0020421841,0.0026320633,0.002590187,0.0018285726,0.002520214,0.0028145865,0.002253972,0.0024162713,0.0022596184,0.01818,2025-05-05 14:12:40.410665,1,3.0
0.0023850757,0.0020268748,0.00264131,0.0025935476,0.0018140229,0.0025036978,0.0027867428,0.0021919096,0.0024075727,0.0022384827,0.01818,2025-05-05 14:12:40.453815,1,3.0
0.0023626634,0.0020403336,0.0026360217,0.0025922263,0.0017920425,0.0025087928,0.0027796093,0.0021270448,0.0023639663,0.0022186951,0.01818,2025-05-05 14:12:40.516294,1,3.0
0.0023983833,0.0020394125,0.0026490998,0.0025630107,0.0017657859,0.002508337,0.0027749306,0.0020445853,0.002336651,0.0021976817,0.01818,2025-05-05 14:12:40.557772,1,3.0
0.0023292217,0.0020380549,0.0026293409,0.002533023,0.001741877,0.0024804953,0.0027620604,0.0019966832,0.002333306,0.0021850995,0.01818,2025-05-05 14:12:40.599794,1,3.0
0.0022754958,0.0019847278,0.002631053,0.002542983,0.0017404417,0.0024738265,0.0027668588,0.0019850915,0.002328705,0.002183211,0.01818,2025-05-05 14:12:40.641183,1,3.0
0.0021870802,0.0020380046,0.0026648894,0.002561421,0.0017509231,0.002450168,0.0027648683,0.0020051042,0.0023601735,0.0021943222,0.01818,2025-05-05 14:12:40.683771,1,3.0
0.0021717004,0.0020958832,0.0026454474,0.0025742168,0.0017601332,0.0024561854,0.0027942704,0.0020333333,0.0023289577,0.0021885613,0.01818,2025-05-05 14:12:40.724687,1,3.0
0.0022604517,0.0020461765,0.00266667,0.0025991898,0.0017758908,0.0024645631,0.0028110181,0.0020872352,0.0023128171,0.0022179193,0.01818,2025-05-05 14:12:40.787296,1,3.0
0.002350524,0.002078405,0.0026771524,0.0026031828,0.0017611827,0.0024609412,0.0028017857,0.002107366,0.0023076592,0.0021954293,0.01818,2025-05-05 14:12:40.828792,1,3.0
0.0024158508,0.00209361,0.0026738849,0.0025967325,0.001759492,0.0024815057,0.002802591,0.0020730011,0.0023350753,0.002200891,0.01818,2025-05-05 14:12:40.870447,1,3.0
0.0023123783,0.0020813257,0.0026771093,0.0026211198,0.0017424513,0.0024915028,0.0028073946,0.0021206678,0.0023425824,0.0022115395,0.01818,2025-05-05 14:12:40.910851,1,3.0
0.0022705977,0.0021528811,0.0026635113,0.0026373875,0.0017474372,0.0024602162,0.0028200753,0.0021266798,0.0023471487,0.002213613,0.01818,2025-05-05 14:12:40.953638,1,3.0
0.0021782184,0.002137864,0.0026854207,0.0026354506,0.0017278228,0.0024359918,0.0028258984,0.0021720717,0.0023187958,0.002207459,0.01818,2025-05-05 14:12:40.995807,1,3.0
0.0022091717,0.0020979426,0.002704691,0.0026656468,0.0017245933,0.0024112046,0.0028208098,0.0022008317,0.0023469971,0.0022138054,0.01818,2025-05-05 14:12:41.057962,1,3.0
0.0021107094,0.002044724,0.0027098227,0.0025793172,0.001712787,0.0024422477,0.0028127534,0.0021986428,0.002374589,0.0022112632,0.01818,2025-05-05 14:12:41.098157,1,3.0
0.0019735277,0.002035126,0.002730094,0.0026127712,0.001694855,0.0024589521,0.002842639,0.0023056432,0.0023523376,0.002024056,0.01818,2025-05-05 14:12:41.140769,1,3.0
0.0019043965,0.0020261386,0.0026922922,0.002588005,0.0017322954,0.0023733166,0.002884397,0.0022639274,0.0023366956,0.001902801,0.01818,2025-05-05 14:12:41.182549,1,3.0
0.001997785,0.001996372,0.0025794182,0.0026104164,0.0017584098,0.0025136585,0.002865374,0.002231413,0.0023725864,0.0016833486,0.01818,2025-05-05 14:12:41.224718,1,3.0
0.0020627005,0.002007082,0.0026939702,0.0025895457,0.0017569278,0.0023677421,0.0028508112,0.0021860092,0.0022733025,0.0014704795,0.01818,2025-05-05 14:12:41.287213,1,3.0
0.0020689091,0.0020478126,0.0027109901,0.002610003,0.0017883588,0.0022503785,0.0028861172,0.0021415523,0.0022708296,0.0014390454,0.01818,2025-05-05 14:12:41.328663,1,3.0
0.0021489412,0.0020555987,0.0027766973,0.0025767179,0.0018587884,0.002314182,0.002869429,0.0021314495,0.0023491473,0.0012647302,0.01818,2025-05-05 14:12:41.370362,1,3.0
0.002284422,0.0021388365,0.0027639584,0.0025671148,0.0018714268,0.0022673758,0.0028990183,0.002096289,0.0024009463,0.0011923492,0.01818,2025-05-05 14:12:41.411412,1,3.0
0.0022203033,0.0021387548,0.002689525,0.0025736054,0.0018579388,0.0021297007,0.002888229,0.0020852706,0.00239928,0.0013047776,0.01818,2025-05-05 14:12:41.453103,1,3.0
0.0021938225,0.0021422212,0.0026324792,0.0026213138,0.0018255545,0.002070857,0.002910972,0.0021258872,0.002408511,0.0012527021,0.01818,2025-05-05 14:12:41.495697,1,3.0
0.0022280081,0.0021271885,0.0026325465,0.002639482,0.0017918596,0.0020811802,0.0029040766,0.0021243333,0.0024303475,0.0015090876,0.01818,2025-05-05 14:12:41.557824,1,3.0
0.0022877112,0.002102084,0.0026319944,0.0025950954,0.0017512506,0.0023855541,0.0028853572,0.002238038,0.002427198,0.0017680547,0.01818,2025-05-05 14:12:41.599300,1,3.0
0.0022448127,0.002037195,0.0026730853,0.0026196814,0.0017763836,0.0022536402,0.0027957382,0.0022812353,0.0024052027,0.0020127837,0.01818,2025-05-05 14:12:41.641406,1,3.0
0.002240108,0.0019898778,0.0026873846,0.0025719712,0.0017365512,0.0022065504,0.002858489,0.002307408,0.0024419387,0.0023064031,0.01818,2025-05-05 14:12:41.682861,1,3.0
0.0022951833,0.0020056409,0.0026389586,0.0026107284,0.0017154025,0.0023217758,0.0028652155,0.0023154602,0.002361672,0.002595149,0.01818,2025-05-05 14:12:41.724668,1,3.0
0.0023167625,0.00196821,0.0025531999,0.0025879177,0.001731706,0.0024289805,0.0028447388,0.0022955956,0.0023109014,0.002600054,0.01818,2025-05-05 14:12:41.787088,1,3.0
0.0023428525,0.0019570899,0.002543417,0.0025798737,0.0017470317,0.0026072727,0.0028868795,0.0022879313,0.0023113694,0.002761649,0.01818,2025-05-05 14:12:41.828719,1,3.0
0.0022855347,0.0020198612,0.0025717393,0.0026048797,0.0017476268,0.0025864996,0.0028742966,0.0022970936,0.0023781147,0.00282351,0.01818,2025-05-05 14:12:41.870301,1,3.0
0.0022711009,0.0020168326,0.0026424946,0.0025143113,0.0017288156,0.0025581473,0.002873199,0.0022482506,0.0023901274,0.0027324134,0.01818,2025-05-05 14:12:41.910666,1,3.0
0.0022248179,0.0020026506,0.002668182,0.0025515624,0.0017405759,0.002519805,0.002833508,0.0022328093,0.0023740425,0.002800864,0.01818,2025-05-05 14:12:41.954013,1,3.0
0.002154361,0.0019805012,0.0026279732,0.00256017,0.0017506862,0.0027252052,0.0028314688,0.002222759,0.002345225,0.002531698,0.01818,2025-05-05 14:12:41.994857,1,3.0
0.0021520422,0.001983454,0.0026101563,0.0025944326,0.0017636336,0.0026650783,0.0028253763,0.0022252908,0.0023683328,0.0024168903,0.01818,2025-05-05 14:12:42.056973,1,3.0
0.0022573296,0.0019600492,0.0026094918,0.0026014189,0.0017979019,0.0025959136,0.0028728233,0.0022473587,0.002334522,0.0023627365,0.01818,2025-05-05 14:12:42.099669,1,3.0
0.0022754213,0.0019454176,0.0026023309,0.0026429305,0.0018007861,0.002535204,0.0028319263,0.0022817964,0.002374808,0.002239956,0.01818,2025-05-05 14:12:42.141438,1,3.0
0.002298356,0.001993523,0.002611448,0.002573484,0.0017964887,0.0025177156,0.0028117097,0.00229648,0.0023695894,0.0021708047,0.01818,2025-05-05 14:12:42.182863,1,3.0
0.002344973,0.0019828116,0.0026073833,0.0025763407,0.0018181402,0.002496434,0.0027958744,0.002288603,0.0023773042,0.0021852406,0.01818,2025-05-05 14:12:42.224636,1,3.0
0.0023998148,0.0019961814,0.0026116346,0.0025888896,0.0017870023,0.0025082615,0.0027864366,0.002282704,0.0023789126,0.0021655858,0.01818,2025-05-05 14:12:42.265094,1,3.0
0.0024097923,0.0020344935,0.0026001954,0.0026009642,0.0018166387,0.002490724,0.0027744959,0.0023036667,0.0023773895,0.0021989485,0.01818,2025-05-05 14:12:42.328796,1,3.0
0.0024231216,0.0020583493,0.0026061463,0.0026224225,0.0017684044,0.002496319,0.0027757054,0.0023003102,0.0023738267,0.0022084897,0.01818,2025-05-05 14:12:42.370364,1,3.0
0.0023744954,0.0020503593,0.002607899,0.0025934167,0.0017672454,0.0024840347,0.0027762845,0.0023403687,0.002369725,0.0021836404,0.01818,2025-05-05 14:12:42.412094,1,3.0
0.0023373032,0.0020684304,0.0026198144,0.0025862742,0.0017468951,0.0024613615,0.0027838827,0.0022922775,0.0023952955,0.0021882409,0.01818,2025-05-05 14:12:42.453698,1,3.0
0.0023177858,0.002107233,0.0025859978,0.0025441959,0.0017342232,0.0024448298,0.0027889668,0.0023538447,0.002391133,0.0021675974,0.01818,2025-05-05 14:12:42.494616,1,3.0
0.0023635875,0.0021084684,0.00257882,0.0025286365,0.001743325,0.0024664109,0.0027673123,0.0023721477,0.0024026236,0.0021884693,0.01818,2025-05-05 14:12:42.557987,1,3.0
0.0023598277,0.002117723,0.0025820837,0.0025887766,0.0017625889,0.002461483,0.002749061,0.0023271607,0.002422115,0.002155907,0.01818,2025-05-05 14:12:42.599703,1,3.0
0.0024011568,0.0020856308,0.0025653532,0.0025726298,0.0017655465,0.0024617591,0.002768863,0.0023362807,0.0024077126,0.0021404566,0.01818,2025-05-05 14:12:42.641261,1,3.0
0.0023919097,0.0021147388,0.002611952,0.002598938,0.0017805274,0.0025096901,0.002787597,0.0023276415,0.0023949996,0.0021666691,0.01818,2025-05-05 14:12:42.682826,1,3.0
0.0024692912,0.002072843,0.0025906293,0.0026450695,0.0018145047,0.0025456815,0.0028187665,0.0022874868,0.0024179632,0.002185993,0.0,2025-05-05 14:12:42.724543,0,
0.0023672436,0.0020587968,0.002633186,0.0026489724,0.0018496821,0.0025333667,0.0028219637,0.002306594,0.0023757357,0.0021702687,0.0,2025-05-05 14:12:42.766290,0,
0.002409632,0.0020452884,0.002587555,0.0026176537,0.0018475995,0.0025203198,0.0028217619,0.0023014697,0.0023736244,0.002157544,0.0,2025-05-05 14:12:42.828671,0,
0.0024282294,0.002044565,0.0025601606,0.0025995634,0.0018389429,0.002489744,0.0028304302,0.0023035896,0.0023608338,0.0021557182,0.0,2025-05-05 14:12:42.870253,0,
0.0023675694,0.0020610052,0.0025868563,0.0025583063,0.0018188715,0.0024760144,0.0028188378,0.0022987332,0.0023910122,0.0021622386,0.0,2025-05-05 14:12:42.912170,0,
0.002445047,0.0020590492,0.0026054564,0.0025656049,0.0017763773,0.002456948,0.0028114307,0.0023075873,0.00240035,0.0021871636,0.0,2025-05-05 14:12:42.952927,0,
0.0023243818,0.0020528627,0.0025929688,0.0025769467,0.0017735608,0.002420705,0.002818793,0.0022707253,0.0024072821,0.0021813433,0.0,2025-05-05 14:12:42.994640,0,
0.002296985,0.0021273934,0.0025971401,0.002527141,0.0017624489,0.0024164,0.002824571,0.0022332803,0.002431357,0.0021986272,0.0,2025-05-05 14:12:43.037078,0,
0.0023328627,0.0021051643,0.00259365,0.0025405535,0.0017660225,0.00244585,0.0028271487,0.0021726876,0.0024112777,0.0022214826,0.0,2025-05-05 14:12:43.099761,0,
0.002242436,0.0020771679,0.002568347,0.0025033657,0.0017627005,0.0024162312,0.002797419,0.0021803773,0.002385397,0.002228149,0.0,2025-05-05 14:12:43.141239,0,
0.0023148924,0.002031618,0.0025646307,0.0025093264,0.0017680601,0.00241001,0.002768948,0.0021118033,0.0023969535,0.0022413726,0.0,2025-05-05 14:12:43.182961,0,
0.0022757356,0.0019929088,0.00256904,0.0024787341,0.0017776736,0.0024139439,0.002787126,0.0021282493,0.0023276089,0.0022547012,0.0,2025-05-05 14:12:43.224629,0,
0.0022748236,0.001945834,0.0025883196,0.0025092294,0.0018032457,0.0023953847,0.0027756717,0.0021572881,0.00227593,0.0022632242,0.0,2025-05-05 14:12:43.266325,0,
0.0022413603,0.001948197,0.002627857,0.002525935,0.0018126472,0.0024238261,0.0027798652,0.002175559,0.002272749,0.0022893948,0.0,2025-05-05 14:12:43.328706,0,
0.0023089617,0.0019484824,0.002663173,0.0025494278,0.0018292363,0.0024575295,0.0028166084,0.0022145193,0.0022593038,0.0023112926,0.0,2025-05-05 14:12:43.370301,0,
0.0022215706,0.0019192001,0.002661694,0.0025218176,0.0017829342,0.0024798082,0.0028139197,0.002221101,0.0022792204,0.0022932806,0.0,2025-05-05 14:12:43.410816,0,
0.0022456245,0.0019106544,0.002662608,0.0025038298,0.0017714316,0.0024762917,0.0028133127,0.0022643576,0.0023030299,0.0023025165,0.0,2025-05-05 14:12:43.454371,0,
0.0022597753,0.00197129,0.002650947,0.0025381073,0.0017634681,0.0024760922,0.0028124703,0.002248135,0.0023127752,0.002316568,0.0,2025-05-05 14:12:43.493740,0,
0.0022699216,0.0019744206,0.0026514924,0.0025250134,0.001755117,0.002466852,0.002817161,0.002246408,0.0023391389,0.00231097,0.0,2025-05-05 14:12:43.537010,0,
0.002362496,0.0019807129,0.0026791648,0.0025530104,0.0017802808,0.002456883,0.0028270127,0.0022637215,0.0023687675,0.0023000245,0.0,2025-05-05 14:12:43.599753,0,
0.0023749988,0.0020143415,0.002688024,0.0025429972,0.0017435249,0.002425705,0.0028304288,0.002238251,0.0023851662,0.002286312,0.0,2025-05-05 14:12:43.641245,0,
0.0024161115,0.0019930173,0.0026802276,0.0025485673,0.0017674502,0.0024324474,0.0028077308,0.0022547215,0.002347711,0.002294968,0.0,2025-05-05 14:12:43.683021,0,
0.0023879407,0.0019588263,0.0027115068,0.002532625,0.001781107,0.002463985,0.0028320632,0.002245399,0.00231645,0.0022902982,0.0,2025-05-05 14:12:43.724515,0,
0.0024100426,0.001979166,0.0027192805,0.0025520667,0.0017920797,0.0024824957,0.0028210026,0.0022544302,0.002299045,0.0022773396,0.0,2025-05-05 14:12:43.766238,0,
0.0023999666,0.001972137,0.0026334105,0.002548773,0.0017904153,0.0024665731,0.0028014143,0.002225724,0.0023214074,0.0022590614,0.0,2025-05-05 14:12:43.807943,0,
0.0023695678,0.0019921844,0.0026511012,0.0025728575,0.0017793509,0.002461989,0.0027940061,0.0021849256,0.0023161161,0.0022617744,0.0,2025-05-05 14:12:43.870975,0,
0.0023919337,0.0019916773,0.002650425,0.0025525917,0.0017598365,0.002450943,0.0027846035,0.0022308303,0.0023444423,0.0022291965,0.0,2025-05-05 14:12:43.912160,0,
0.0023824822,0.0020559176,0.0026998082,0.0025544239,0.0017346997,0.0024618725,0.0028116065,0.0022574682,0.0023281183,0.0022226742,0.0,2025-05-05 14:12:43.953852,0,
0.0023249278,0.0020325142,0.0027000105,0.002558426,0.0017517875,0.002509167,0.0028256737,0.002265204,0.0023820917,0.0022244956,0.0,2025-05-05 14:12:43.995680,0,
0.0022107821,0.0021242423,0.0027105398,0.0025467353,0.0017523608,0.0025196525,0.0028214457,0.0022378182,0.0023892175,0.0022010452,0.0,2025-05-05 14:12:44.036624,0,
0.0022339672,0.0021708803,0.0026964156,0.0025369187,0.0017446139,0.0025166587,0.0028331117,0.0022902945,0.002417353,0.0022185345,0.0,2025-05-05 14:12:44.099762,0,
0.0021700198,0.0021545887,0.0026869732,0.002518606,0.001763873,0.0024821667,0.002834225,0.0022909876,0.0024209383,0.002222004,0.0,2025-05-05 14:12:44.141282,0,
0.002223123,0.0021010102,0.002667958,0.002525275,0.0017686738,0.0024613186,0.0028128405,0.002273241,0.0024117352,0.002215478,0.0,2025-05-05 14:12:44.182944,0,
0.0022898917,0.0020727746,0.0026529743,0.0025153237,0.0017711135,0.0024616083,0.0028276045,0.0022368112,0.0024192387,0.002214983,0.0,2025-05-05 14:12:44.224542,0,
0.0022523757,0.002015306,0.002680152,0.0025186061,0.0017656538,0.0024427231,0.0028147912,0.002219684,0.00240278,0.0022284172,0.0,2025-05-05 14:12:44.266261,0,
0.0022910184,0.0020010993,0.0026779845,0.0025361015,0.0017572532,0.0024130358,0.0028160808,0.0021268374,0.002394587,0.002231094,0.0,2025-05-05 14:12:44.308211,0,
0.002262699,0.0019970466,0.0026673193,0.002570553,0.0017581154,0.0024282134,0.0028230944,0.0021093858,0.0023861392,0.0022512851,0.0,2025-05-05 14:12:44.370470,0,
0.0022884333,0.0020079047,0.0026290715,0.0025516853,0.0017210371,0.0024238992,0.002794871,0.0021140755,0.0023698302,0.002245665,0.0,2025-05-05 14:12:44.412261,0,
0.002349399,0.001999819,0.0026242696,0.002577694,0.0017549145,0.0024150629,0.0027722607,0.0021305426,0.0023783508,0.0022462287,0.0,2025-05-05 14:12:44.453821,0,
0.0022306368,0.002040926,0.002622117,0.0026142083,0.0017445335,0.0024501232,0.0027633407,0.0021869892,0.002393761,0.0022429838,0.0,2025-05-05 14:12:44.495665,0,
0.0022474164,0.0020896934,0.0026270456,0.0026205129,0.0017762855,0.0024582834,0.0027611186,0.002242919,0.0023795553,0.0022511424,0.0,2025-05-05 14:12:44.537043,0,
0.0022230868,0.002081146,0.0026503315,0.0026432816,0.0017909327,0.0024633335,0.0027850359,0.002296344,0.0023579097,0.002204918,0.0,2025-05-05 14:12:44.578605,0,
0.002337744,0.0020725762,0.0026672455,0.0026456888,0.0017995792,0.002470395,0.0028065126,0.002325531,0.0023585043,0.0022261331,0.0,2025-05-05 14:12:44.641202,0,
0.0023278643,0.0020392786,0.0026704618,0.0026552253,0.0018191705,0.0024660793,0.002811518,0.0023077228,0.0023759322,0.0021907168,0.0,2025-05-05 14:12:44.681722,0,
0.0023083787,0.0020050209,0.002662914,0.002668979,0.0018061337,0.0024755402,0.0028041739,0.0023047235,0.0023750758,0.0021661832,0.0,2025-05-05 14:12:44.724488,0,
0.0022744706,0.0019971135,0.0026788795,0.002669343,0.0017970556,0.0024748095,0.0028054658,0.0022937192,0.0023813182,0.0021779248,0.0,2025-05-05 14:12:44.764878,0,
0.0021661932,0.0020112088,0.0026815692,0.0026447414,0.0017941791,0.0024850336,0.0028038307,0.0022769189,0.0023679796,0.0021701327,0.0,2025-05-05 14:12:44.806747,0,
0.0022002384,0.0019980217,0.0027175162,0.00261075,0.0017700805,0.0024934378,0.002813023,0.0022580575,0.0023617218,0.0021748578,0.0,2025-05-05 14:12:44.870425,0,
0.0022444227,0.0019958855,0.0026700827,0.0026078243,0.0017886596,0.0024796184,0.002820138,0.0022736962,0.0023494149,0.0021717085,0.0,2025-05-05 14:12:44.912020,0,
0.0021846541,0.0020007682,0.0026911541,0.0025902041,0.0017782938,0.0024571642,0.002813431,0.0022590773,0.0023772572,0.002176102,0.0,2025-05-05 14:12:44.953878,0,
0.0022852537,0.002032566,0.0026769303,0.0025975618,0.001784297,0.0024427262,0.0028181828,0.0022595474,0.0024082721,0.0021678659,0.0,2025-05-05 14:12:44.995757,0,
0.0022451598,0.0020350958,0.0026906715,0.0026037884,0.0017962595,0.0024276446,0.0028043692,0.0022966913,0.0023648506,0.0022003427,0.0,2025-05-05 14:12:45.037351,0,
0.0022757894,0.0020212943,0.0026570915,0.002571397,0.0017989523,0.002431128,0.0027949214,0.0023246892,0.0023187327,0.0021801558,0.0,2025-05-05 14:12:45.077209,0,
0.0023484323,0.0019843609,0.0026251492,0.002536037,0.001813596,0.0024248238,0.0027490587,0.0022990364,0.0023361284,0.0022142425,0.0,2025-05-05 14:12:45.141342,0,
0.0024225214,0.001960353,0.0026307742,0.0025489538,0.0017828966,0.0024275098,0.0027511963,0.0023229239,0.0023419217,0.002218955,0.0,2025-05-05 14:12:45.182914,0,
0.0023858263,0.0019530171,0.002633031,0.0025541114,0.0017841414,0.0024275556,0.002746817,0.0023437808,0.0023187883,0.0021891873,0.0,2025-05-05 14:12:45.225373,0,
0.002364557,0.0019761869,0.0026565287,0.0025645972,0.0017712399,0.002416135,0.0027606946,0.0023101459,0.0023369782,0.002200581,0.0,2025-05-05 14:12:45.266276,0,
0.00236695,0.001961674,0.0026711528,0.0025776098,0.0017881944,0.002443758,0.0027762102,0.0022970103,0.0023646317,0.0022101456,0.0,2025-05-05 14:12:45.308216,0,
0.0024093555,0.001951295,0.0026560547,0.002580537,0.0018137144,0.002431281,0.002792437,0.0022672124,0.0023709838,0.0022048713,0.0,2025-05-05 14:12:45.349676,0,
0.0024007892,0.0019785052,0.0026233506,0.002556093,0.001806924,0.0024546834,0.0027920518,0.0022036368,0.002389638,0.0022156541,0.0,2025-05-05 14:12:45.412210,0,
0.0023848803,0.0019901472,0.002635647,0.0025760084,0.0018044568,0.0024495835,0.0027918958,0.0021506445,0.0023943137,0.002197225,0.0,2025-05-05 14:12:45.454125,0,
0.0024182687,0.0019869327,0.0026099358,0.0025677702,0.0017939352,0.0024653575,0.0028004025,0.0021577857,0.0023748416,0.0021965348,0.0,2025-05-05 14:12:45.495408,0,
0.0024105215,0.002020658,0.002628954,0.0025803829,0.0017772801,0.0024734216,0.0028021978,0.0021513836,0.0023237574,0.0021893766,0.0,2025-05-05 14:12:45.536948,0,
0.0024899042,0.0020373224,0.0026226072,0.0025892183,0.0017660308,0.0024471853,0.0028141555,0.0021867217,0.002319549,0.0021566928,0.0,2025-05-05 14:12:45.578592,0,
0.002513007,0.0020701776,0.002622826,0.0025848069,0.0017541819,0.0024254941,0.0028260218,0.0021861484,0.0023173797,0.0021417968,0.0,2025-05-05 14:12:45.641267,0,
0.002448287,0.0020599007,0.0026480658,0.0025941564,0.001718,0.002432206,0.002826105,0.0022437356,0.002313997,0.0021630933,0.0,2025-05-05 14:12:45.682735,0,
0.00242262,0.0020739164,0.0026352769,0.0025664237,0.0017091447,0.002433997,0.0028089327,0.0022595455,0.0023331032,0.0021219014,0.0,2025-05-05 14:12:45.724754,0,
0.0024449213,0.0020216117,0.0026223278,0.0025810949,0.0017031098,0.0023750756,0.0027781082,0.0022700373,0.0023036532,0.0020530303,0.0,2025-05-05 14:12:45.766330,0,
0.002380311,0.0019685584,0.002570835,0.002579483,0.0017183155,0.0023098136,0.0027976616,0.0022937872,0.0022394732,0.0021165574,0.0,2025-05-05 14:12:45.807880,0,
0.0022985672,0.0019431158,0.002614294,0.0025740636,0.0017414714,0.0022363728,0.002822749,0.0023686476,0.0022529727,0.0020938944,0.0,2025-05-05 14:12:45.849509,0,
0.0021682177,0.0019738781,0.0027822764,0.0025812185,0.0017294991,0.002307997,0.0028323578,0.0024060605,0.0021848574,0.001993642,0.0,2025-05-05 14:12:45.912063,0,
0.0021219065,0.001963959,0.0026805077,0.0025750566,0.0017233628,0.002406744,0.0027979433,0.0024039503,0.0022511561,0.0021349872,0.0,2025-05-05 14:12:45.953017,0,
0.0020759597,0.0020101827,0.0026834374,0.0025478404,0.0017010823,0.0024478368,0.0028211698,0.0023944085,0.0023496223,0.0023005947,0.0,2025-05-05 14:12:45.995389,0,
0.0021312046,0.0020317917,0.002544488,0.002563273,0.0017315336,0.0023658576,0.0028168915,0.0024185423,0.002375806,0.0023314194,0.0,2025-05-05 14:12:46.037330,0,
0.002175415,0.0020930667,0.0025414375,0.002553082,0.0017558516,0.0023383652,0.0027828764,0.0023002096,0.0024357284,0.0023055023,0.0,2025-05-05 14:12:46.077320,0,
0.0022182912,0.0021302034,0.0025242441,0.0025486634,0.0017688206,0.002473594,0.002777957,0.0023107366,0.0024982132,0.002363378,0.0,2025-05-05 14:12:46.120760,0,
0.0021879293,0.0021531067,0.0026144737,0.002508364,0.0018122077,0.002636593,0.002796137,0.0022481184,0.0025526646,0.0023663414,0.0,2025-05-05 14:12:46.183066,0,
0.0022424718,0.0021087213,0.002664063,0.0025135614,0.0017908255,0.0025976785,0.0027888797,0.0022290947,0.0025866404,0.0024539179,0.0,2025-05-05 14:12:46.224248,0,
0.0022588274,0.002061892,0.0026270638,0.00249007,0.00176882,0.0024252478,0.002763887,0.0022326119,0.0025000626,0.002515282,0.0,2025-05-05 14:12:46.266474,0,
0.002258248,0.0020615822,0.0027132258,0.002483674,0.001774849,0.0024021098,0.0027035365,0.002256983,0.0023330245,0.002505222,0.0,2025-05-05 14:12:46.307065,0,
0.0022932142,0.0020182345,0.0024812184,0.0024664325,0.0017430154,0.0025286386,0.0027434374,0.0022437645,0.0021531903,0.0026515608,0.0,2025-05-05 14:12:46.349591,0,
0.0022975148,0.0019939977,0.0026284996,0.0024602981,0.0017603643,0.0026742478,0.0028091182,0.0021863198,0.0021905098,0.002194048,0.0,2025-05-05 14:12:46.412188,0,
0.0023019488,0.0019754032,0.002638697,0.0024743413,0.0016942184,0.0026559047,0.0028092347,0.0020810221,0.0022898784,0.0018812356,0.0,2025-05-05 14:12:46.453915,0,
0.002325732,0.001971414,0.0026871008,0.0024492452,0.00171518,0.0025400014,0.0028212073,0.0021077273,0.0023509644,0.0019407042,0.0,2025-05-05 14:12:46.495714,0,
0.002209989,0.0019743885,0.0026980373,0.0025332004,0.0017143287,0.0025951474,0.0028397522,0.0021426969,0.0023791336,0.001984741,0.0,2025-05-05 14:12:46.537093,0,
0.0022263904,0.0019687226,0.00263206,0.0025182425,0.0017327507,0.002534622,0.0028573826,0.0022065039,0.0024584783,0.0019211815,0.0,2025-05-05 14:12:46.577778,0,
0.0022044582,0.0019448217,0.0026613004,0.0025943345,0.0017621847,0.0024238883,0.0028665643,0.0021647327,0.0024944863,0.0019786211,0.0,2025-05-05 14:12:46.620562,0,
0.002213467,0.0018938128,0.0026135638,0.0025943394,0.0017475428,0.0023726763,0.002849983,0.0021842192,0.0025487302,0.0019142862,0.0,2025-05-05 14:12:46.683051,0,
0.0022806732,0.0018963747,0.0027420397,0.002644163,0.0017009419,0.00254809,0.002860731,0.002250099,0.0025827338,0.0018375067,0.0,2025-05-05 14:12:46.724655,0,
0.0022612144,0.002001579,0.0027317214,0.002645659,0.0016656995,0.0026259872,0.0028691941,0.002244161,0.0025109644,0.0018989746,0.0,2025-05-05 14:12:46.766257,0,
0.0021662829,0.001992271,0.0027312478,0.0026286917,0.0016838365,0.0024182454,0.002822681,0.0022295876,0.002457946,0.0018238672,0.0,2025-05-05 14:12:46.807916,0,
0.0022102643,0.0020425578,0.0026160344,0.0026535948,0.00173232,0.0024129765,0.0028082244,0.0022115358,0.0023692434,0.0021372822,0.0,2025-05-05 14:12:46.849531,0,
0.0022930815,0.002106303,0.0026197436,0.0025995963,0.001705267,0.0024371152,0.0028004134,0.0022083188,0.0023919907,0.0022562062,0.0,2025-05-05 14:12:46.891216,0,
0.0023333887,0.0021960982,0.0026161012,0.0026015544,0.0017346482,0.002459829,0.0027898087,0.0022260635,0.0023772642,0.0022365418,0.0,2025-05-05 14:12:46.952525,0,
0.0023028508,0.0021818175,0.0026452935,0.002567764,0.0017362616,0.0024383678,0.0027838633,0.0023012173,0.0023753785,0.0022265024,0.0,2025-05-05 14:12:46.995665,0,
0.0021804345,0.0021750357,0.0026094404,0.0025767097,0.0017591093,0.0024249882,0.0027643405,0.0023464626,0.0023579411,0.0022008263,0.0,2025-05-05 14:12:47.037347,0,
0.002185598,0.002118311,0.0025799812,0.0025512094,0.0017793664,0.0024203071,0.0027590198,0.002349199,0.0023999165,0.0022320752,0.0,2025-05-05 14:12:47.077288,0,
0.0020773658,0.002069784,0.0025630833,0.0025327276,0.0017878399,0.0023958713,0.002754892,0.0023805178,0.0024066304,0.0022192027,0.0,2025-05-05 14:12:47.120450,0,
0.0020889093,0.002009995,0.0025746794,0.0025667506,0.0017772556,0.0023876042,0.0027409587,0.0024027664,0.0023852882,0.0022101426,0.0,2025-05-05 14:12:47.182907,0,
0.0021256432,0.002011969,0.0025949874,0.0025661218,0.0017664827,0.0024045953,0.002762511,0.002344815,0.0024516375,0.002207833,0.0,2025-05-05 14:12:47.224793,0,
0.0021696687,0.0019635914,0.0026381502,0.002587201,0.0017870872,0.0024142584,0.0027695508,0.002308935,0.0024888448,0.0022078597,0.0,2025-05-05 14:12:47.266481,0,
0.002130757,0.0019419838,0.0026457016,0.0025745407,0.0017967543,0.002394866,0.002780581,0.0022411472,0.0024795777,0.0021865282,0.01818,2025-05-05 14:12:47.308173,1,4.0
0.0020911295,0.0019777599,0.002659055,0.0025882185,0.0017848455,0.0023870254,0.0027867472,0.002198316,0.0024684463,0.0021735267,0.01818,2025-05-05 14:12:47.349774,1,4.0
0.0020444286,0.0020388847,0.0026760488,0.0025890288,0.0018152748,0.0023866477,0.0028013026,0.0021762727,0.0024542855,0.0021707413,0.01818,2025-05-05 14:12:47.391368,1,4.0
0.0021292516,0.0020821854,0.0026846186,0.0025812145,0.0017987665,0.0023870869,0.002812599,0.0022124187,0.0024194724,0.0021674333,0.01818,2025-05-05 14:12:47.452312,1,4.0
0.0020781294,0.002138286,0.0026678978,0.0025946726,0.0018118593,0.0023782544,0.0028331317,0.002219749,0.00241431,0.002165688,0.01818,2025-05-05 14:12:47.494592,1,4.0
0.0020617335,0.0021757337,0.0026771172,0.0026106362,0.0018389903,0.002391693,0.002826427,0.002264687,0.0023671265,0.0021423225,0.01818,2025-05-05 14:12:47.537244,1,4.0
0.0021192047,0.0021657813,0.0026963772,0.0025841799,0.0018181516,0.0024128992,0.0028254914,0.0022876963,0.0023238168,0.0021315224,0.01818,2025-05-05 14:12:47.578754,1,4.0
0.002241475,0.0022228863,0.0026974115,0.0025503663,0.0018017467,0.002409682,0.0028098882,0.0023233397,0.0023130998,0.0021186252,0.01818,2025-05-05 14:12:47.620509,1,4.0
0.0023733731,0.0022194125,0.0026420362,0.0025487682,0.0018114416,0.0024010716,0.002786293,0.0023134586,0.0023006168,0.0021307422,0.01818,2025-05-05 14:12:47.662122,1,4.0
0.0023523679,0.0021696964,0.002589813,0.0025308977,0.0018144328,0.0024132216,0.0027910834,0.0023091456,0.002306606,0.0021479137,0.01818,2025-05-05 14:12:47.724746,1,4.0
0.00234056,0.0021196154,0.0025828464,0.0025167223,0.0017981112,0.0024271607,0.0027850054,0.0022997526,0.0022925606,0.0021774943,0.01818,2025-05-05 14:12:47.766313,1,4.0
0.002389362,0.0020736898,0.0025784883,0.002503455,0.001763511,0.0024263838,0.0027968134,0.0022286458,0.0022921546,0.0021582863,0.01818,2025-05-05 14:12:47.807886,1,4.0
0.0023530505,0.0020117874,0.0025791796,0.002523014,0.0017482449,0.0024424572,0.00281591,0.002210406,0.0023088471,0.002178823,0.01818,2025-05-05 14:12:47.849552,1,4.0
0.0023382965,0.002006083,0.0025610123,0.002534484,0.001726,0.0024345058,0.0028281845,0.0021724023,0.002335623,0.0022031383,0.01818,2025-05-05 14:12:47.891222,1,4.0
0.0023082779,0.002008355,0.002606981,0.002499747,0.0016988541,0.002445762,0.0028049466,0.0021432077,0.0023243334,0.0022059344,0.01818,2025-05-05 14:12:47.952580,1,4.0
0.0023197161,0.002022604,0.0025852402,0.0024950814,0.0016786169,0.002478264,0.0028091848,0.002136796,0.0023444856,0.002201806,0.01818,2025-05-05 14:12:47.994359,1,4.0
0.0021830322,0.00202562,0.002591517,0.002520052,0.001635315,0.0024401962,0.0028106384,0.00208843,0.0023264773,0.0022242055,0.01818,2025-05-05 14:12:48.036294,1,4.0
0.0022114387,0.0021108547,0.0025571063,0.0025320814,0.0016280626,0.0024360875,0.0028328889,0.0021024777,0.0023360557,0.0022343847,0.01818,2025-05-05 14:12:48.077173,1,4.0
0.0021549629,0.0021457742,0.0026062361,0.00252866,0.0016727467,0.0024400142,0.0028211975,0.0021385748,0.002339254,0.002245591,0.01818,2025-05-05 14:12:48.120318,1,4.0
0.0020310774,0.00214038,0.0026241518,0.0025416072,0.0017143992,0.0024234056,0.0028231507,0.0021588432,0.002321334,0.0022350706,0.01818,2025-05-05 14:12:48.162167,1,4.0
0.00195458,0.0021411183,0.002624443,0.0025326225,0.0017382113,0.0024300825,0.0028139935,0.0022270489,0.002327682,0.0022277804,0.01818,2025-05-05 14:12:48.224046,1,4.0
0.0019399209,0.0021293457,0.0026080406,0.0025457954,0.0017641484,0.0024164217,0.002790319,0.0022535045,0.0022903683,0.0022514376,0.01818,2025-05-05 14:12:48.265331,1,4.0
0.0019152699,0.002090238,0.0026355477,0.0025134317,0.0017632806,0.0024284779,0.0027733252,0.0023053328,0.0023068045,0.0022478616,0.01818,2025-05-05 14:12:48.308076,1,4.0
0.0020939496,0.0020594336,0.002599013,0.0025180709,0.0017620758,0.002432148,0.0027511404,0.0023423503,0.0023234263,0.0022359237,0.01818,2025-05-05 14:12:48.349674,1,4.0
0.0021144608,0.0020687901,0.0026172453,0.0025393304,0.0017509009,0.002409736,0.002758609,0.0023596964,0.002325522,0.0022163866,0.01818,2025-05-05 14:12:48.390092,1,4.0
0.0021997895,0.002021837,0.0026152858,0.0025653073,0.001724213,0.002399065,0.0027633582,0.0023774204,0.0023523192,0.0022055693,0.01818,2025-05-05 14:12:48.453017,1,4.0
0.002098479,0.0020180095,0.0026252575,0.0025691728,0.001727141,0.0024173271,0.0027738332,0.0023100346,0.0023131699,0.002191059,0.01818,2025-05-05 14:12:48.495647,1,4.0
0.0022207273,0.0020495793,0.002665893,0.0026110273,0.00173319,0.002425006,0.0027914855,0.0022922305,0.0023220445,0.002201267,0.01818,2025-05-05 14:12:48.537070,1,4.0
0.0023601144,0.002061281,0.002663191,0.0025761577,0.0017489734,0.0024476054,0.0028091634,0.002296649,0.0023149685,0.0021856285,0.01818,2025-05-05 14:12:48.578821,1,4.0
0.0023458349,0.002081969,0.0026842603,0.0025587147,0.0017510699,0.0024307615,0.0028120214,0.0022484998,0.002290172,0.0021772531,0.01818,2025-05-05 14:12:48.620610,1,4.0
0.0023341998,0.0020757972,0.0026873045,0.00254362,0.0017537844,0.0024374223,0.0028075555,0.0022213752,0.0022943418,0.002187121,0.01818,2025-05-05 14:12:48.662175,1,4.0
0.002431715,0.0020551872,0.0027292417,0.002509537,0.0017509243,0.002474286,0.0028169937,0.002175094,0.0022920915,0.0021776753,0.01818,2025-05-05 14:12:48.723469,1,4.0
0.0024549707,0.002009538,0.002732908,0.0025271461,0.0017673266,0.002477611,0.002809285,0.00214839,0.002298296,0.0021668277,0.01818,2025-05-05 14:12:48.766637,1,4.0
0.0024797614,0.0019890745,0.002799662,0.0024991634,0.001734291,0.0024657922,0.002818111,0.0021304153,0.0023194768,0.0021592993,0.01818,2025-05-05 14:12:48.808371,1,4.0
0.0025477442,0.0019867679,0.0027735496,0.0025109635,0.0017242935,0.0024734556,0.0028295538,0.002119662,0.0023361596,0.0021845498,0.01818,2025-05-05 14:12:48.850182,1,4.0
0.002599711,0.0019531487,0.002751761,0.0025241768,0.001745182,0.0024467788,0.002830005,0.0021696473,0.002333914,0.0022355001,0.01818,2025-05-05 14:12:48.891422,1,4.0
0.002539454,0.0019876698,0.0027230785,0.0025047439,0.0017772004,0.002422726,0.0028278902,0.0021434515,0.0023341458,0.0022406094,0.01818,2025-05-05 14:12:48.932644,1,4.0
0.0023982017,0.0020187963,0.0026905749,0.0025023622,0.0017840691,0.0024136344,0.0028071718,0.002157627,0.0023662546,0.002211873,0.01818,2025-05-05 14:12:48.994767,1,4.0
0.0023951246,0.0020307596,0.002683936,0.0025278274,0.0017951772,0.0024253025,0.002791914,0.002168233,0.0023825208,0.0021966146,0.01818,2025-05-05 14:12:49.035771,1,4.0
0.0023479555,0.0021025536,0.002642634,0.0025658899,0.001809993,0.0024205255,0.0027747054,0.0021182552,0.0023794442,0.0022272037,0.01818,2025-05-05 14:12:49.077533,1,4.0
0.0021943757,0.002113376,0.002657101,0.0025752073,0.001767661,0.002423218,0.002802748,0.0020794573,0.0023798125,0.0022342822,0.01818,2025-05-05 14:12:49.120802,1,4.0
0.002256399,0.002096874,0.0026367751,0.0026126832,0.0017648615,0.002448792,0.0028276863,0.0020635999,0.0024189807,0.0022473522,0.01818,2025-05-05 14:12:49.162202,1,4.0
0.0023072825,0.002001945,0.0026417247,0.002605886,0.0017861906,0.002433195,0.0028208517,0.0020935396,0.0023855404,0.0022380573,0.01818,2025-05-05 14:12:49.224628,1,4.0
0.0022946156,0.001968774,0.0026487785,0.0026299274,0.0017543492,0.002457275,0.00282157,0.002115464,0.0023911933,0.002232181,0.01818,2025-05-05 14:12:49.266165,1,4.0
0.0023879723,0.0019497527,0.0027044977,0.0026111845,0.0017570953,0.0024691832,0.0028099462,0.002143135,0.0024104945,0.0022231936,0.01818,2025-05-05 14:12:49.308337,1,4.0
0.0024618874,0.0019090867,0.0027105734,0.0026028089,0.0017536471,0.0024529155,0.0028175018,0.0022013215,0.002394657,0.002177095,0.01818,2025-05-05 14:12:49.349777,1,4.0
0.0022445885,0.0018822878,0.0027271528,0.0026208577,0.0017438562,0.0024720735,0.0028000362,0.0022540293,0.0023802705,0.0021702766,0.01818,2025-05-05 14:12:49.391392,1,4.0
0.0022723707,0.0019294904,0.00271591,0.0026038312,0.0017427809,0.0024770922,0.0027953547,0.0022913257,0.0023928562,0.0021762126,0.01818,2025-05-05 14:12:49.433067,1,4.0
0.002319831,0.0019333889,0.0027394497,0.002572985,0.0017541912,0.0024723867,0.0027824696,0.0022268551,0.002363617,0.0021767758,0.01818,2025-05-05 14:12:49.495725,1,4.0
0.0023264845,0.0019917912,0.0027669058,0.0025809493,0.0017516208,0.002480239,0.002789783,0.0022035653,0.0023600406,0.0021569387,0.01818,2025-05-05 14:12:49.537118,1,4.0
0.002357767,0.002023645,0.0027451422,0.0025402578,0.0016949489,0.0024765756,0.0027813038,0.002167349,0.0023668003,0.0021409162,0.01818,2025-05-05 14:12:49.578674,1,4.0
0.0023062937,0.0020255162,0.0027145597,0.0025216872,0.00167857,0.0024627622,0.0027625526,0.0021467954,0.002383796,0.0021378607,0.01818,2025-05-05 14:12:49.620375,1,4.0
0.0022443933,0.0020117376,0.0026873236,0.0025333005,0.0016955299,0.0024577538,0.002769959,0.0021594039,0.002341021,0.002155129,0.01818,2025-05-05 14:12:49.662099,1,4.0
0.0022915744,0.0020355517,0.0026564929,0.002524536,0.0016755976,0.002446237,0.0027688153,0.00219971,0.002339484,0.0021691248,0.01818,2025-05-05 14:12:49.703722,1,4.0
0.0022408199,0.002055378,0.0026349633,0.0025660058,0.0016995097,0.0024659403,0.0027832733,0.0022014307,0.0023649225,0.0021910782,0.01818,2025-05-05 14:12:49.767152,1,4.0
0.002204698,0.0020343792,0.0026137712,0.002562307,0.0017207015,0.002484703,0.0027959982,0.0022219315,0.0023576233,0.0022067716,0.01818,2025-05-05 14:12:49.807817,1,4.0
0.0020921198,0.0019579104,0.0026227164,0.0025770909,0.0016973086,0.0024706344,0.002803126,0.0022639488,0.0023611113,0.0021957771,0.01818,2025-05-05 14:12:49.849674,1,4.0
0.0018858587,0.0019902908,0.0026139386,0.0026082948,0.0017316492,0.002464352,0.0028072894,0.0023039992,0.0023777822,0.0022097304,0.01818,2025-05-05 14:12:49.891238,1,4.0
0.0019405007,0.0019425637,0.0026102494,0.002631685,0.0017733602,0.002467107,0.002821321,0.0022397635,0.0023750796,0.0022186586,0.01818,2025-05-05 14:12:49.932971,1,4.0
0.001907727,0.0019378674,0.002594905,0.0026588123,0.0017753529,0.00246313,0.0028403357,0.0022067358,0.0023756912,0.0022056622,0.01818,2025-05-05 14:12:49.995733,1,4.0
0.0018898929,0.0019239468,0.0026147391,0.0026206863,0.0017684702,0.002451279,0.002842952,0.0021767912,0.0023641705,0.002207115,0.01818,2025-05-05 14:12:50.035778,1,4.0
0.00203765,0.0019600324,0.0026155338,0.0026182253,0.0017623324,0.002467135,0.0028439169,0.0021899897,0.0023798496,0.0021925657,0.01818,2025-05-05 14:12:50.077929,1,4.0
0.0020122658,0.0019892307,0.0026387519,0.0025905191,0.0017671897,0.002453728,0.0028554278,0.0021825575,0.0024137183,0.0021850076,0.01818,2025-05-05 14:12:50.120597,1,4.0
0.0021553438,0.0020239374,0.0026603313,0.002615046,0.0017395385,0.002459461,0.0028621622,0.0022458013,0.002398515,0.002166351,0.01818,2025-05-05 14:12:50.162219,1,4.0
0.0022195873,0.0020629177,0.0026631102,0.0025820406,0.0017289328,0.0024684137,0.0028394207,0.0022212917,0.002373934,0.002175958,0.01818,2025-05-05 14:12:50.203955,1,4.0
0.0023752116,0.0020810852,0.0026856605,0.0025994275,0.0017470599,0.0024639522,0.0028335587,0.0022033267,0.0023539688,0.0021818145,0.01818,2025-05-05 14:12:50.266542,1,4.0
0.0024332767,0.0020772002,0.0026537015,0.0025519957,0.0017215825,0.0024900874,0.0028228292,0.00221702,0.0023292073,0.0021980999,0.01818,2025-05-05 14:12:50.307986,1,4.0
0.00242679,0.0021034596,0.002675036,0.002576126,0.0017333502,0.0024781916,0.002815058,0.0022319925,0.0023336445,0.0021857652,0.01818,2025-05-05 14:12:50.349472,1,4.0
0.002452898,0.0020474014,0.0026634524,0.0025698172,0.0017768671,0.0024661757,0.0028258706,0.0022047928,0.0023416951,0.0021924346,0.01818,2025-05-05 14:12:50.391216,1,4.0
0.002382388,0.002048879,0.002684519,0.0025510066,0.0017843202,0.0024973114,0.0028237228,0.00220718,0.002349124,0.0022278833,0.01818,2025-05-05 14:12:50.431520,1,4.0
0.0024126228,0.002008707,0.0026750818,0.0025794585,0.0018276457,0.0025246185,0.002840404,0.002215779,0.0023500654,0.0022420145,0.01818,2025-05-05 14:12:50.474863,1,4.0
0.002434616,0.0020325172,0.0026940089,0.0025897892,0.0018113329,0.0025087036,0.0028526266,0.002219522,0.0023480305,0.0022496695,0.01818,2025-05-05 14:12:50.535731,1,4.0
0.0023254598,0.0020532291,0.0026820416,0.0025936025,0.0018064581,0.0025062712,0.0028149893,0.0021816764,0.0023727834,0.0022207072,0.01818,2025-05-05 14:12:50.578695,1,4.0
0.0022512055,0.0020487178,0.002669879,0.0025673588,0.001773247,0.0024750114,0.0028003904,0.0021891792,0.002379613,0.00223281,0.01818,2025-05-05 14:12:50.620575,1,4.0
0.0022614521,0.002111762,0.0026515115,0.0025671197,0.0017242874,0.0024685906,0.0028080859,0.002203806,0.002387794,0.0021977492,0.01818,2025-05-05 14:12:50.662429,1,4.0
0.0022350545,0.0021626635,0.0026707116,0.0025639953,0.001715274,0.0024368656,0.0027849532,0.0022573797,0.002360487,0.0021861517,0.01818,2025-05-05 14:12:50.703834,1,4.0
0.0021859834,0.00217605,0.0026806372,0.0025978333,0.0016874931,0.0024323398,0.0027851677,0.0022247687,0.0023816465,0.0021795838,0.01818,2025-05-05 14:12:50.766559,1,4.0
0.002167863,0.0021834702,0.002660803,0.0025881175,0.001691577,0.0024637824,0.002801494,0.0022163035,0.002374473,0.0021774343,0.01818,2025-05-05 14:12:50.808017,1,4.0
0.0022225785,0.0021373695,0.0026345968,0.0025843226,0.0017205846,0.0024593826,0.0027980371,0.002138436,0.0023721189,0.0021730065,0.01818,2025-05-05 14:12:50.849747,1,4.0
0.002231263,0.0021018889,0.0026006568,0.0025495254,0.0017108949,0.0024745055,0.002797865,0.0021154669,0.0023425785,0.0021401884,0.01818,2025-05-05 14:12:50.890148,1,4.0
0.0023890978,0.0020372344,0.0025775556,0.0025677932,0.0017631947,0.002497906,0.0027776423,0.0021095446,0.0023784924,0.0021220786,0.01818,2025-05-05 14:12:50.932877,1,4.0
0.002392719,0.002032865,0.0025937178,0.0025508776,0.0017497906,0.0025194997,0.0027936618,0.0021129146,0.0023878878,0.0021243163,0.01818,2025-05-05 14:12:50.974737,1,4.0
0.0024522257,0.0020281698,0.0025963727,0.0025610111,0.0017748494,0.002539698,0.0028246199,0.0021354049,0.0023871914,0.0021539396,0.01818,2025-05-05 14:12:51.036366,1,4.0
0.0024968353,0.001992947,0.0026140744,0.002570937,0.001755536,0.0025652335,0.0028403935,0.0021446983,0.0023819,0.0021583773,0.01818,2025-05-05 14:12:51.077285,1,4.0
0.0025704305,0.0019997421,0.0026138376,0.002600136,0.0017553592,0.002562841,0.0028490447,0.0021636467,0.002362955,0.0021905126,0.01818,2025-05-05 14:12:51.120727,1,4.0
0.0024949464,0.0020199479,0.00261658,0.002594315,0.0017601276,0.002552194,0.0028649874,0.002259924,0.0023295977,0.0021931885,0.01818,2025-05-05 14:12:51.162166,1,4.0
0.002471975,0.0020360223,0.0026079973,0.0025719744,0.0017395257,0.0025391413,0.0028736745,0.0022801033,0.002301739,0.002189053,0.01818,2025-05-05 14:12:51.203720,1,4.0
0.0024434533,0.0020092602,0.002639666,0.002547677,0.001752033,0.0025026442,0.002864787,0.0023200882,0.0023054034,0.0022014666,0.01818,2025-05-05 14:12:51.245623,1,4.0
0.002425392,0.0020209798,0.0026522414,0.0025902812,0.0017614991,0.0025170222,0.0028511833,0.002295237,0.00232785,0.00219538,0.01818,2025-05-05 14:12:51.307949,1,4.0
0.0025108436,0.0020586834,0.002671094,0.0025849738,0.0017715819,0.0024982595,0.0028315065,0.0023109934,0.0023299595,0.002201265,0.01818,2025-05-05 14:12:51.349789,1,4.0
0.0024891796,0.0020742074,0.0026854884,0.0025587883,0.0017800184,0.0024715993,0.0028339997,0.0022936887,0.0022997358,0.0022170558,0.01818,2025-05-05 14:12:51.391175,1,4.0
0.0026342703,0.0020896648,0.0026600559,0.002547369,0.0017905124,0.0024532718,0.0028074638,0.002234178,0.0023095424,0.0022342105,0.01818,2025-05-05 14:12:51.433077,1,4.0
0.0026032398,0.0020978134,0.0026638317,0.0025595143,0.0018292384,0.002450288,0.002792152,0.0022197482,0.0023152097,0.002241555,0.01818,2025-05-05 14:12:51.473219,1,4.0
0.0026228938,0.002122501,0.0026690648,0.0025369248,0.0018045144,0.0024427995,0.0027912615,0.002138054,0.0023102227,0.0022390424,0.01818,2025-05-05 14:12:51.537233,1,4.0
0.0027573444,0.00208985,0.0026590347,0.0024947282,0.0018209951,0.0024031154,0.0027817676,0.0021238541,0.0023351333,0.0022346477,0.01818,2025-05-05 14:12:51.579000,1,4.0
0.0026718504,0.0021380726,0.002669785,0.0024866809,0.0018089812,0.0024020737,0.0027873383,0.0021360514,0.0023059677,0.0022359747,0.01818,2025-05-05 14:12:51.620638,1,4.0
0.0025679597,0.002148012,0.0026860728,0.0025026319,0.0017937553,0.0023887872,0.0027801176,0.0021690833,0.0023003623,0.0022418376,0.01818,2025-05-05 14:12:51.662243,1,4.0
0.0024506387,0.0021474874,0.002697331,0.0025090852,0.0017807547,0.002412106,0.0027906941,0.0022207005,0.0023214726,0.0022441451,0.01818,2025-05-05 14:12:51.703748,1,4.0
0.0023706842,0.0021360489,0.0027399098,0.0025192501,0.0017831336,0.002446587,0.002811708,0.0022418846,0.002321672,0.0022690971,0.01818,2025-05-05 14:12:51.745308,1,4.0
0.002350967,0.0021260718,0.0027559511,0.002515224,0.0017789471,0.0024670516,0.002813872,0.0022454367,0.0023279733,0.0022574423,0.01818,2025-05-05 14:12:51.807941,1,4.0
0.0023289844,0.0021276567,0.0027438875,0.0024860785,0.0017516183,0.0024551,0.0028294616,0.0022117821,0.0023474584,0.0022594498,0.01818,2025-05-05 14:12:51.849759,1,4.0
0.002203865,0.0020950183,0.0027320047,0.002511326,0.0017346214,0.0024722419,0.0028208047,0.0022113365,0.0023439561,0.0022472956,0.01818,2025-05-05 14:12:51.891291,1,4.0
0.0022301439,0.0020846368,0.0027199257,0.0025449307,0.0017399209,0.0024614225,0.0028230923,0.0021951832,0.0023764959,0.00225317,0.01818,2025-05-05 14:12:51.932906,1,4.0
0.002238687,0.0020417068,0.0027403014,0.002553287,0.0017327652,0.002473593,0.0028261913,0.0021967902,0.0023522405,0.0022364869,0.01818,2025-05-05 14:12:51.974619,1,4.0
0.002273235,0.0020017102,0.0027647451,0.0025671443,0.0017402678,0.0024728386,0.0028175372,0.002224917,0.0023556154,0.0022106527,0.01818,2025-05-05 14:12:52.016842,1,4.0
0.0022151002,0.002005142,0.0027224193,0.0026110606,0.0017443163,0.0024728258,0.0028131313,0.0022201496,0.0023961451,0.002218358,0.01818,2025-05-05 14:12:52.077985,1,4.0
0.0023692856,0.0019765166,0.002719433,0.0026038599,0.0017814827,0.0024765446,0.0028179125,0.002234221,0.0023908757,0.0022000642,0.01818,2025-05-05 14:12:52.120542,1,4.0
0.0022614328,0.0019778407,0.002682723,0.002614402,0.0017873439,0.0024514722,0.0028158864,0.0022305315,0.0024295198,0.0021965455,0.01818,2025-05-05 14:12:52.161984,1,4.0
0.002254494,0.0019593951,0.002640114,0.0025951136,0.0018166675,0.0024273603,0.0027890645,0.0021896905,0.0024167537,0.0021763868,0.01818,2025-05-05 14:12:52.203730,1,4.0
0.0022833599,0.0019009964,0.0026345989,0.0025796213,0.0018261502,0.002441606,0.0027920916,0.0022012333,0.0024204256,0.002197546,0.01818,2025-05-05 14:12:52.245617,1,4.0
0.002369866,0.0018804015,0.002659859,0.0025508143,0.0018057544,0.0024345198,0.002780029,0.0021864055,0.0024032046,0.0022010633,0.01818,2025-05-05 14:12:52.307909,1,4.0
0.0023405761,0.0018905,0.0026522079,0.002542755,0.0017699237,0.0024329172,0.0028001536,0.002193533,0.0024026178,0.0021840588,0.01818,2025-05-05 14:12:52.349590,1,4.0
0.0022905564,0.001957301,0.002658877,0.0025497358,0.0017622268,0.0024380072,0.002832208,0.002162362,0.0024049976,0.002201684,0.01818,2025-05-05 14:12:52.391150,1,4.0
0.0023463343,0.0019411371,0.0026505482,0.002560208,0.0017607573,0.0024543337,0.0028428442,0.002138373,0.0023838815,0.002190508,0.01818,2025-05-05 14:12:52.432876,1,4.0
0.0023062602,0.0020313084,0.0026351737,0.0025330766,0.0017541217,0.0024509488,0.0028452727,0.0022028072,0.0023902003,0.0022009409,0.01818,2025-05-05 14:12:52.473433,1,4.0
0.0023248852,0.0020106903,0.0026857571,0.0025467745,0.0017635946,0.0024654649,0.002846531,0.002239257,0.002386933,0.0022159452,0.01818,2025-05-05 14:12:52.515435,1,4.0
0.0023532612,0.002030443,0.0026750017,0.0025352337,0.0017825942,0.0024509786,0.0028562385,0.002271723,0.0023407382,0.0022261008,0.01818,2025-05-05 14:12:52.578986,1,4.0
0.0023179005,0.0020600827,0.0026947919,0.002541016,0.001784795,0.0024661957,0.0028605498,0.0022800223,0.00236394,0.0022143226,0.01818,2025-05-05 14:12:52.620665,1,4.0
0.0022108557,0.0020760174,0.0026847117,0.0025598386,0.0017959361,0.002468013,0.0028697,0.0022648738,0.0023495664,0.0022213846,0.01818,2025-05-05 14:12:52.662285,1,4.0
0.002147479,0.0020221856,0.0026674245,0.0025295522,0.0017868788,0.002485118,0.002886526,0.0023125312,0.0023908336,0.0022594314,0.01818,2025-05-05 14:12:52.703891,1,4.0
0.0021559033,0.0020572788,0.0027242282,0.0024936844,0.0017864461,0.0024752552,0.002968764,0.0023299388,0.0023097754,0.0024260785,0.01818,2025-05-05 14:12:52.745430,1,4.0
0.0020371487,0.0019946587,0.002792416,0.002527274,0.0017173276,0.0025071746,0.002894065,0.0023771655,0.0022454136,0.0024339668,0.01818,2025-05-05 14:12:52.786295,1,4.0
0.002016738,0.0020408425,0.0027378825,0.0025092578,0.0016432116,0.0026027318,0.0028610963,0.0023687717,0.0023388383,0.0022871117,0.01818,2025-05-05 14:12:52.849538,1,4.0
0.0019691202,0.0019853914,0.0027897586,0.0025305185,0.001618905,0.0025479307,0.0028408181,0.0023070008,0.002406866,0.0022604587,0.01818,2025-05-05 14:12:52.891418,1,4.0
0.001951658,0.0020118493,0.0027973973,0.0025411919,0.0016093948,0.0024426407,0.002791528,0.002262839,0.0024895521,0.0021484774,0.01818,2025-05-05 14:12:52.932859,1,4.0
0.002019128,0.0019912294,0.0027459946,0.0025957308,0.0016487535,0.0024014052,0.0028362484,0.0022374769,0.0024337163,0.0022000642,0.01818,2025-05-05 14:12:52.974735,1,4.0
0.0020273891,0.0019771666,0.002806464,0.0026358445,0.0016622301,0.0025141267,0.0028247726,0.0022696294,0.00242314,0.0022932687,0.01818,2025-05-05 14:12:53.016458,1,4.0
0.002150764,0.0020228962,0.0026514095,0.0026800323,0.0016843713,0.0024075357,0.002840271,0.0021767819,0.0024784254,0.0023401459,0.01818,2025-05-05 14:12:53.077407,1,4.0
0.0022460588,0.0020134326,0.0027839248,0.002661904,0.0017251861,0.0024653764,0.0028362114,0.002141532,0.002470768,0.0023191415,0.01818,2025-05-05 14:12:53.120497,1,4.0
0.0023357219,0.001986498,0.0027735562,0.0026614983,0.0017507094,0.0023566314,0.0028269533,0.002219892,0.0025259394,0.0022688573,0.01818,2025-05-05 14:12:53.160639,1,4.0
0.002448709,0.0020798175,0.0028237337,0.0026283143,0.0018187216,0.0025007403,0.0027687019,0.002187342,0.002514595,0.0020474854,0.01818,2025-05-05 14:12:53.203819,1,4.0
0.002398239,0.0020364614,0.0027386865,0.0026018014,0.0017918166,0.0025895939,0.002800067,0.0022105486,0.0024822594,0.002124786,0.01818,2025-05-05 14:12:53.245663,1,4.0
0.0023977275,0.0020702402,0.0026626843,0.0026332706,0.001760511,0.0026740392,0.002768367,0.0022600074,0.0023858284,0.002312128,0.01818,2025-05-05 14:12:53.287115,1,4.0
0.0023504565,0.0020371715,0.002634986,0.0026940545,0.001765499,0.0025966803,0.002763102,0.002235349,0.0023557392,0.0024333883,0.01818,2025-05-05 14:12:53.349888,1,4.0
0.002356875,0.0020705785,0.0026096008,0.002665176,0.001772595,0.0026236952,0.0028000234,0.0022531077,0.00238446,0.002552406,0.01818,2025-05-05 14:12:53.390538,1,4.0
0.0022110278,0.0020346632,0.0026953917,0.0026325309,0.0017901486,0.0028152594,0.002757536,0.0022844903,0.0023578303,0.0025182243,0.01818,2025-05-05 14:12:53.433138,1,4.0
0.0022599264,0.002011413,0.0026293618,0.0025682375,0.0017942956,0.0027598531,0.0027586266,0.0023290887,0.0023326972,0.0024647678,0.01818,2025-05-05 14:12:53.474707,1,4.0
0.0022422804,0.0020020895,0.0027131357,0.002543478,0.0017812777,0.0026139985,0.0027427794,0.002288524,0.0023593544,0.002464359,0.01818,2025-05-05 14:12:53.514912,1,4.0
0.0022105912,0.0019616897,0.0025999446,0.0025270414,0.0017716544,0.0025922433,0.0027501676,0.0023056737,0.0023713484,0.0024911114,0.01818,2025-05-05 14:12:53.557959,1,4.0
0.0022836858,0.0019564286,0.0025991763,0.0025495533,0.0017642942,0.0027407259,0.0027453557,0.0023443946,0.0023876396,0.00241487,0.01818,2025-05-05 14:12:53.619315,1,4.0
0.0022840954,0.001953174,0.0025273378,0.0025114154,0.0017810537,0.0027290126,0.0027937286,0.0023365263,0.0023895171,0.0024102465,0.01818,2025-05-05 14:12:53.662287,1,4.0
0.0023825867,0.001943609,0.0025522772,0.0025420159,0.0017792494,0.0025944642,0.0028006688,0.0022674643,0.0023576396,0.002351415,0.01818,2025-05-05 14:12:53.703829,1,4.0
0.0023821767,0.0019464542,0.0026009874,0.0025294311,0.001784535,0.0024763963,0.0028320805,0.0022737388,0.0023410441,0.0023075487,0.01818,2025-05-05 14:12:53.744290,1,4.0
0.0023136875,0.0019421973,0.0026930051,0.0025758147,0.0017730963,0.0024665252,0.002850525,0.002249409,0.0023307228,0.0022654366,0.01818,2025-05-05 14:12:53.787016,1,4.0
0.0023098204,0.0019976364,0.002708453,0.0025897177,0.0017957351,0.0024870704,0.0028543891,0.0022396739,0.0023257434,0.0022479312,0.01818,2025-05-05 14:12:53.850310,1,4.0
0.0022409514,0.0020133038,0.002705822,0.0025804632,0.0017582326,0.002487541,0.0028665452,0.0022741084,0.0023473436,0.0022476288,0.01818,2025-05-05 14:12:53.891314,1,4.0
0.002271661,0.0020326974,0.0026926275,0.0025890826,0.0017493217,0.0024804408,0.0028666195,0.0023018445,0.0023591993,0.002224494,0.01818,2025-05-05 14:12:53.933077,1,4.0
0.0022704394,0.0020314695,0.002690598,0.002586627,0.0017508916,0.002488666,0.0028556036,0.0022858663,0.0024002378,0.002218462,0.01818,2025-05-05 14:12:53.974697,1,4.0
0.0021761798,0.0020026623,0.0026622813,0.0025769756,0.0017124274,0.002483001,0.002849671,0.0023134656,0.00239051,0.0022196318,0.01818,2025-05-05 14:12:54.015627,1,4.0
0.0021891003,0.0019993298,0.002662723,0.002573335,0.0017119013,0.0024538396,0.0028372759,0.0022839662,0.0023965647,0.0022284538,0.01818,2025-05-05 14:12:54.057985,1,4.0
0.0022276612,0.0020048106,0.0026334897,0.0025997271,0.0017156074,0.0024395282,0.0028128722,0.002296836,0.0023613137,0.002191232,0.01818,2025-05-05 14:12:54.120538,1,4.0
0.0023095177,0.0019665377,0.002610216,0.002585021,0.0017189756,0.002439516,0.0028028034,0.0022345304,0.002371407,0.0022005362,0.01818,2025-05-05 14:12:54.162102,1,4.0
0.0023924608,0.0019783229,0.0026369977,0.002584443,0.0017052444,0.0024382765,0.0028049403,0.0022132366,0.00235471,0.0022240884,0.01818,2025-05-05 14:12:54.203856,1,4.0
0.0024023561,0.0019927025,0.002606492,0.0025685006,0.0017048272,0.00244628,0.0027954252,0.0022343781,0.002371287,0.0021896248,0.01818,2025-05-05 14:12:54.245402,1,4.0
0.0023146677,0.0020470656,0.0026305753,0.0025687548,0.001718849,0.0024604986,0.002821643,0.0022929648,0.0023715168,0.0022207976,0.01818,2025-05-05 14:12:54.287866,1,4.0
0.0023430341,0.0020691173,0.0026508349,0.0025724904,0.0017296972,0.00247714,0.002842978,0.0023428202,0.0024049217,0.0022296058,0.01818,2025-05-05 14:12:54.328909,1,4.0
0.002296651,0.002061481,0.0026452998,0.0025477603,0.0017249128,0.0024744351,0.0028564765,0.002375011,0.0024028746,0.0022395859,0.0,2025-05-05 14:12:54.391350,0,
0.002316913,0.002073724,0.0026550589,0.0025616048,0.0017582341,0.0024862946,0.0028647424,0.0023263008,0.0024193723,0.002226963,0.0,2025-05-05 14:12:54.432891,0,
0.0023546643,0.0020931824,0.002624557,0.0025427595,0.0017540377,0.0024860008,0.0028479826,0.0023105675,0.002423964,0.0022212886,0.0,2025-05-05 14:12:54.474686,0,
0.002291292,0.0020579118,0.0026541299,0.0025274593,0.0017620632,0.0024941615,0.0028506566,0.0023118935,0.0024174992,0.0022475198,0.0,2025-05-05 14:12:54.514859,0,
0.0023210975,0.0020746063,0.0026322228,0.0025173437,0.0017965426,0.0025152795,0.0028503702,0.002295767,0.002413867,0.0022818889,0.0,2025-05-05 14:12:54.556893,0,
0.0022835755,0.0020988944,0.0026400061,0.0025408159,0.0017821481,0.0024637075,0.0028611904,0.0022654012,0.0024059166,0.0022435684,0.0,2025-05-05 14:12:54.619203,0,
0.0023082977,0.0021123078,0.0026615458,0.002566571,0.0017305615,0.0024512368,0.0028479195,0.0022223315,0.0023958043,0.002234176,0.0,2025-05-05 14:12:54.661858,0,
0.0023822351,0.0020834443,0.0026588799,0.0025475405,0.0017374095,0.0024341033,0.0028749844,0.0021584271,0.0023921786,0.0022357772,0.0,2025-05-05 14:12:54.703899,0,
0.0023027447,0.0020796426,0.002637532,0.0025380107,0.0017169033,0.0024308758,0.002852743,0.0020958155,0.0023819394,0.0022031665,0.0,2025-05-05 14:12:54.744214,0,
0.0023271695,0.0020035633,0.0025806073,0.0024983725,0.0017083953,0.0024151357,0.0028294092,0.002101552,0.002363763,0.0021715872,0.0,2025-05-05 14:12:54.787232,0,
0.002242074,0.0019608086,0.0025921615,0.002487,0.0017100507,0.0024426403,0.0028169714,0.002115276,0.0023326701,0.0021947403,0.0,2025-05-05 14:12:54.828838,0,
0.0022849322,0.0019053612,0.002601621,0.0025306344,0.0017193187,0.0024508378,0.002804693,0.0021291529,0.0023335244,0.0021962246,0.0,2025-05-05 14:12:54.891277,0,
0.0022588668,0.0019405313,0.0026485203,0.0025373737,0.0017431226,0.0024606688,0.0028275896,0.0021070004,0.002324585,0.0022013215,0.0,2025-05-05 14:12:54.932965,0,
0.0022405225,0.0018372632,0.0026634014,0.0025634395,0.0017498239,0.0024810922,0.002844093,0.0021562742,0.0023194314,0.0022104445,0.0,2025-05-05 14:12:54.974683,0,
0.0021943413,0.0018127991,0.0026638063,0.0025519333,0.0017592757,0.0024921817,0.0028305508,0.0021717248,0.0023027044,0.0022025285,0.0,2025-05-05 14:12:55.014904,0,
0.0022790504,0.0018646292,0.002658841,0.00253274,0.0017629416,0.00250569,0.0028308325,0.0021909764,0.0023004927,0.002219253,0.0,2025-05-05 14:12:55.058006,0,
0.0022982417,0.0019053358,0.0026455254,0.00253436,0.0017248368,0.0025054314,0.0028396312,0.0021693022,0.0023252945,0.0022095423,0.0,2025-05-05 14:12:55.120427,0,
0.0024185798,0.0019634736,0.0026336464,0.0025340307,0.0017179906,0.0025125125,0.00282737,0.0021627247,0.0023374206,0.0022314142,0.0,2025-05-05 14:12:55.162115,0,
0.002390715,0.0020245418,0.0026372136,0.002531099,0.0017235436,0.0024869556,0.0028312511,0.0021511775,0.0023601982,0.0022313055,0.0,2025-05-05 14:12:55.203137,0,
0.0024419834,0.0020279116,0.0026694287,0.0025198935,0.0017223745,0.0024542361,0.0028411623,0.0021248446,0.0023825457,0.0022433575,0.0,2025-05-05 14:12:55.245558,0,
0.002372316,0.0020561002,0.00268832,0.0025065213,0.0017626779,0.0024431918,0.0028381653,0.002059542,0.0023799222,0.002245391,0.0,2025-05-05 14:12:55.287202,0,
0.0024001098,0.0020408004,0.0027004245,0.0025183067,0.0017629319,0.0024515002,0.0028521074,0.0020977138,0.002358028,0.0022376429,0.0,2025-05-05 14:12:55.328504,0,
0.0023323994,0.0020649703,0.0026704646,0.0025193035,0.0017645615,0.0024276103,0.0028285014,0.002090483,0.0023391633,0.0022387935,0.0,2025-05-05 14:12:55.391474,0,
0.0023438726,0.001983602,0.0026642003,0.0024967908,0.0017720951,0.0024162286,0.0028174748,0.00209604,0.0023686355,0.0022115556,0.0,2025-05-05 14:12:55.433155,0,
0.0022499945,0.0019246015,0.0026663877,0.0024917875,0.0017232137,0.0024207465,0.0028277736,0.002126296,0.0023561297,0.0021935164,0.0,2025-05-05 14:12:55.474877,0,
0.0021065061,0.0019305662,0.0026812546,0.0025284681,0.0017203196,0.0024307452,0.0028074603,0.002168963,0.00238508,0.0021751162,0.0,2025-05-05 14:12:55.514541,0,
0.0021520017,0.0019429546,0.0027036066,0.0025387125,0.0017001037,0.002446226,0.0028004134,0.002231159,0.0024033266,0.0021651671,0.0,2025-05-05 14:12:55.557865,0,
0.002158066,0.0019907586,0.0027283763,0.0025593196,0.0016683227,0.0024805474,0.002814484,0.002263198,0.002413235,0.0021806776,0.0,2025-05-05 14:12:55.599609,0,
0.0021991867,0.002016302,0.002712787,0.0025925285,0.0016858516,0.0025114582,0.0028150433,0.0023121487,0.002411105,0.0021678428,0.0,2025-05-05 14:12:55.662344,0,
0.0023417044,0.0020834242,0.002689611,0.0026039984,0.0017092549,0.002504796,0.0028108049,0.002321599,0.0024196412,0.002195501,0.0,2025-05-05 14:12:55.703196,0,
0.0022748779,0.0020967065,0.0026538596,0.0026062203,0.0017384822,0.0024845784,0.0028141015,0.0022513692,0.0024019978,0.002178587,0.0,2025-05-05 14:12:55.745605,0,
0.002322528,0.0021169882,0.0026495934,0.0026063786,0.0017519576,0.0024714582,0.002816268,0.0022447743,0.002391643,0.0021840802,0.0,2025-05-05 14:12:55.787125,0,
0.0022949167,0.002105513,0.0026491983,0.0025969893,0.0017377912,0.0024576366,0.0028199537,0.002219718,0.0023978574,0.0021632572,0.0,2025-05-05 14:12:55.828724,0,
0.002255586,0.0020932404,0.0026183482,0.0025838523,0.0017437179,0.0024472373,0.0028185712,0.0022518013,0.0023774437,0.0021666484,0.0,2025-05-05 14:12:55.891333,0,
0.0022391304,0.0020338302,0.0026313998,0.0025989711,0.0017189498,0.0024327345,0.0028219386,0.0022504155,0.0023231546,0.0021829726,0.0,2025-05-05 14:12:55.932949,0,
0.0022037977,0.001985977,0.0026398003,0.0025850039,0.0016975957,0.0024313359,0.0028191407,0.0022631397,0.00231458,0.002179376,0.0,2025-05-05 14:12:55.974612,0,
0.0021255743,0.0019555225,0.0026183736,0.0025850413,0.0017204331,0.0024383957,0.0028173411,0.002330723,0.0022840244,0.0021855496,0.0,2025-05-05 14:12:56.016138,0,
0.002174048,0.0019139294,0.002590206,0.0025974913,0.0017171756,0.0024297626,0.0028060859,0.0023340925,0.0022920498,0.0021644558,0.0,2025-05-05 14:12:56.057866,0,
0.002163269,0.001886551,0.0026050908,0.0025813275,0.0017328297,0.0024510478,0.0028052942,0.0023195543,0.0023037167,0.00218611,0.0,2025-05-05 14:12:56.100026,0,
0.0021570926,0.0019106942,0.0026252859,0.0025672312,0.0017315863,0.0024713867,0.002809279,0.002334107,0.00232743,0.002160954,0.0,2025-05-05 14:12:56.162148,0,
0.002177918,0.0018992451,0.0026430108,0.0025639108,0.0017240694,0.0024805649,0.002818101,0.00233444,0.0023433722,0.002154378,0.0,2025-05-05 14:12:56.203807,0,
0.0021862227,0.001942547,0.002658521,0.0025613168,0.0017419317,0.0024829418,0.0028239563,0.0023376206,0.0023225565,0.002187323,0.0,2025-05-05 14:12:56.245616,0,
0.0022656943,0.0019406718,0.0026766304,0.0025679842,0.0017450785,0.0024783786,0.0028229165,0.0022862277,0.0023656955,0.0022258197,0.0,2025-05-05 14:12:56.287135,0,
0.0022956233,0.001944961,0.0026990082,0.0025334656,0.0017724322,0.0024512582,0.0028183714,0.0022911155,0.0023880405,0.002221813,0.0,2025-05-05 14:12:56.328673,0,
0.002286773,0.0019615414,0.0027057233,0.002535035,0.0017643997,0.0024412393,0.0028151483,0.0023077633,0.0023980013,0.0022199135,0.0,2025-05-05 14:12:56.370416,0,
0.0023197548,0.001937308,0.0026807196,0.0025589063,0.0017628345,0.002435107,0.0028222715,0.0023094947,0.0023925814,0.0022455992,0.0,2025-05-05 14:12:56.432906,0,
0.0022187019,0.0019432236,0.0026921981,0.0025593797,0.0018022368,0.0024176158,0.0028293072,0.0022970838,0.0023963952,0.0022364883,0.0,2025-05-05 14:12:56.474824,0,
0.0021749514,0.0019729743,0.0027104875,0.002546466,0.0018244698,0.0024089685,0.0028348311,0.002262927,0.0024035315,0.0022314324,0.0,2025-05-05 14:12:56.514864,0,
0.0021996354,0.0019483366,0.0026920985,0.0025267417,0.0018070509,0.0024039214,0.0028324386,0.002284249,0.0023908222,0.0022483955,0.0,2025-05-05 14:12:56.558232,0,
0.0021988133,0.0019685975,0.0026933786,0.0025169044,0.001783535,0.002395508,0.0028155998,0.0022770246,0.0023869383,0.0022460348,0.0,2025-05-05 14:12:56.599713,0,
0.002165451,0.0020259656,0.0026819375,0.0025138871,0.0017591291,0.0023943034,0.0028136307,0.0022390124,0.00235535,0.0022288114,0.0,2025-05-05 14:12:56.662179,0,
0.002215026,0.0020732107,0.0026634978,0.0024917938,0.001721954,0.002406734,0.0028055068,0.0021777356,0.0023500184,0.002178553,0.0,2025-05-05 14:12:56.703750,0,
0.0022405263,0.0020531432,0.0026378988,0.0024889049,0.0017149583,0.0023924299,0.0028016828,0.0021491654,0.0023444577,0.0021791856,0.0,2025-05-05 14:12:56.745470,0,
0.0023095717,0.0020605992,0.0026348757,0.0024830438,0.0017520575,0.002432497,0.0027971682,0.0021511589,0.002303907,0.0021789537,0.0,2025-05-05 14:12:56.787108,0,
0.0023703997,0.0020807406,0.0026325558,0.0024955184,0.0017604397,0.0024282332,0.002783163,0.0021542793,0.002288466,0.002168393,0.0,2025-05-05 14:12:56.828894,0,
0.0023844934,0.0020948355,0.0026486954,0.0024904164,0.001770729,0.002441583,0.0028029364,0.0022037134,0.0022939795,0.0021404268,0.0,2025-05-05 14:12:56.870475,0,
0.002464361,0.0020955715,0.0026538873,0.002523138,0.0018063687,0.0024653592,0.00281644,0.0022153503,0.0022855557,0.0021557147,0.0,2025-05-05 14:12:56.933109,0,
0.0024054258,0.002137002,0.0026230372,0.0025282342,0.0018041887,0.0024642905,0.0027996222,0.0022205508,0.0023107661,0.0021541668,0.0,2025-05-05 14:12:56.974601,0,
0.0023968266,0.0020995622,0.0026253157,0.00257636,0.0017823842,0.0024811034,0.0027937135,0.002242562,0.0023023987,0.002154609,0.0,2025-05-05 14:12:57.016117,0,
0.002385628,0.0020532217,0.0026199224,0.0025669907,0.0017825763,0.002484518,0.0027984995,0.002302821,0.0023167566,0.00217286,0.0,2025-05-05 14:12:57.058091,0,
0.0023964501,0.0020731774,0.002612784,0.002586649,0.0017989773,0.002514908,0.0028010302,0.0023648047,0.0023453275,0.0022044138,0.0,2025-05-05 14:12:57.098386,0,
0.0022861287,0.0020897866,0.00262729,0.002571731,0.0017723226,0.00252852,0.0028102994,0.0023680113,0.002355561,0.002202787,0.0,2025-05-05 14:12:57.139812,0,
0.0022728157,0.0020729906,0.0026624808,0.0025649539,0.001766731,0.0025168357,0.0028107823,0.00236701,0.0023751336,0.002198742,0.0,2025-05-05 14:12:57.203718,0,
0.00225931,0.0020739196,0.0026366718,0.0025719749,0.0017758709,0.0025501372,0.0028223102,0.0023715645,0.0023478388,0.002196808,0.0,2025-05-05 14:12:57.245643,0,
0.0022910216,0.002039591,0.0026257285,0.0025588255,0.0017812315,0.0025379558,0.0028276166,0.0023756877,0.0023481245,0.0021976475,0.0,2025-05-05 14:12:57.287260,0,
0.0023211455,0.0020025452,0.0026315474,0.0025249673,0.0017635647,0.0025195167,0.0028109183,0.0023862042,0.002354583,0.0022241408,0.0,2025-05-05 14:12:57.328724,0,
0.0022521333,0.0019957116,0.0026020033,0.0025268982,0.0017596742,0.0023877057,0.0027798463,0.0023793306,0.00231085,0.0023131552,0.0,2025-05-05 14:12:57.369365,0,
0.0021843642,0.0020237875,0.0025951625,0.0025631217,0.0017084113,0.0023617158,0.0027602538,0.0023279896,0.002255353,0.0023167839,0.0,2025-05-05 14:12:57.432993,0,
0.0022166714,0.0020070907,0.0026549506,0.0025275215,0.0016553419,0.0022896272,0.0027572801,0.002301257,0.0022576575,0.0021634004,0.0,2025-05-05 14:12:57.473419,0,
0.0022056184,0.002013903,0.0025780103,0.0025322537,0.0016627659,0.0022294666,0.0027959417,0.002320744,0.0022367917,0.0021753702,0.0,2025-05-05 14:12:57.516631,0,
0.002201921,0.0020194987,0.0026666867,0.0025379094,0.0017390486,0.002283712,0.002858049,0.002243386,0.0022761275,0.0022011516,0.0,2025-05-05 14:12:57.557842,0,
0.0022121945,0.002050036,0.0025742531,0.0025426208,0.0017482085,0.0022945506,0.002819994,0.0022246793,0.0023071547,0.002261666,0.0,2025-05-05 14:12:57.599577,0,
0.0022195838,0.002078838,0.0025563128,0.0025627776,0.0017845338,0.002263263,0.002803692,0.00221313,0.0023136067,0.0021543952,0.0,2025-05-05 14:12:57.641355,0,
0.0022447202,0.002130731,0.0025377634,0.0025406876,0.0017949791,0.0023524682,0.0028130785,0.0021814515,0.0023828554,0.0021825489,0.0,2025-05-05 14:12:57.703727,0,
0.0023027991,0.0021079401,0.002623325,0.0025300349,0.001802933,0.0024889966,0.0028276567,0.0022067972,0.0023791955,0.0021875575,0.0,2025-05-05 14:12:57.745497,0,
0.00237302,0.0020268022,0.0026653102,0.002504915,0.0017676727,0.0023983072,0.0028224336,0.0022637504,0.002433734,0.0022041174,0.0,2025-05-05 14:12:57.787072,0,
0.0023725922,0.002010639,0.0025885957,0.0025423197,0.0017475882,0.0022810448,0.0028029783,0.0022664205,0.0023647554,0.0022665244,0.0,2025-05-05 14:12:57.827559,0,
0.0023395917,0.0019780572,0.002635614,0.002530526,0.001695745,0.002474856,0.0028171113,0.002172467,0.0023079945,0.0022384825,0.0,2025-05-05 14:12:57.870442,0,
0.0023520652,0.0019979824,0.002621635,0.0025586782,0.0016834397,0.0027648185,0.002796808,0.0021207638,0.0022245233,0.002532762,0.0,2025-05-05 14:12:57.911198,0,
0.0023720458,0.0020536317,0.00263985,0.0025034202,0.0016340775,0.0025535664,0.002803672,0.0021113802,0.0022032154,0.0024770717,0.0,2025-05-05 14:12:57.973530,0,
0.0023892715,0.002010837,0.002706228,0.0025322228,0.0016734042,0.0024755816,0.0027330806,0.0019905127,0.0022226232,0.0026880484,0.0,2025-05-05 14:12:58.015437,0,
0.0023887686,0.00198525,0.0027560738,0.0025769507,0.0017037102,0.00233865,0.0027669347,0.0020649042,0.0022603534,0.0026258256,0.0,2025-05-05 14:12:58.057794,0,
0.0023435361,0.001962399,0.002822905,0.0025624586,0.0017616955,0.0022708892,0.0027809364,0.0021137143,0.002278458,0.0027236815,0.0,2025-05-05 14:12:58.099550,0,
0.0022926365,0.0020194466,0.002787355,0.002593872,0.0017785665,0.0023580773,0.002779094,0.0021538672,0.002326331,0.0027060069,0.0,2025-05-05 14:12:58.141410,0,
0.0023667621,0.0019995577,0.0028257598,0.0025739074,0.0018283776,0.00238892,0.0027592299,0.0022603301,0.002307438,0.0027196154,0.0,2025-05-05 14:12:58.203644,0,
0.0023769173,0.002003967,0.0027701086,0.0025879643,0.0018129487,0.002404418,0.0027725887,0.002401235,0.0023337344,0.0026944622,0.0,2025-05-05 14:12:58.245321,0,
0.002360389,0.0020871814,0.002873076,0.002556703,0.0018110096,0.002381799,0.0027776547,0.0024393417,0.0023884736,0.0025891992,0.0,2025-05-05 14:12:58.287014,0,
0.002318687,0.0020890755,0.0029440206,0.0025438734,0.0017692599,0.002347304,0.002797057,0.0023976138,0.0023423359,0.0026512083,0.0,2025-05-05 14:12:58.328733,0,
0.0022991097,0.002115601,0.0028664619,0.0025384312,0.0017949545,0.0023742756,0.0028107075,0.002392745,0.002378585,0.0024549603,0.0,2025-05-05 14:12:58.370690,0,
0.0022825762,0.0021835694,0.0028520587,0.0025687022,0.0017442382,0.002498906,0.002794578,0.0023240075,0.002358953,0.0024250597,0.0,2025-05-05 14:12:58.412154,0,
0.0022830274,0.0021660032,0.0028075965,0.00252534,0.0017377728,0.0025343918,0.002797773,0.0022432113,0.0023712367,0.0022009872,0.0,2025-05-05 14:12:58.474648,0,
0.0023573167,0.002141037,0.002798744,0.0025174704,0.0017563212,0.002509069,0.0027960446,0.0022947392,0.0023403992,0.0022046482,0.0,2025-05-05 14:12:58.515088,0,
0.002271034,0.002118422,0.0027585586,0.0025056324,0.001785595,0.0025190648,0.0028061213,0.0022553066,0.0023686048,0.0022147242,0.0,2025-05-05 14:12:58.557893,0,
0.0022640459,0.0021254309,0.002766242,0.0024797374,0.0017650625,0.0024995117,0.0027915686,0.0022599234,0.0023724865,0.00222899,0.0,2025-05-05 14:12:58.599642,0,
0.0022743125,0.002092118,0.002729648,0.0024664032,0.0017781759,0.0024728084,0.002806404,0.0022339441,0.0023684842,0.002207121,0.0,2025-05-05 14:12:58.641344,0,
0.0021892379,0.0020514834,0.0027182393,0.0024799712,0.0017817153,0.0024398773,0.002799702,0.00228025,0.0023967659,0.002213218,0.0,2025-05-05 14:12:58.683013,0,
0.0021554744,0.0020705874,0.0026828295,0.0024765718,0.0017808353,0.0024314157,0.002794206,0.0023200067,0.0024027328,0.0022365274,0.0,2025-05-05 14:12:58.745499,0,
0.0021965401,0.0020386642,0.0026697095,0.002485341,0.001757134,0.0024193847,0.0028022141,0.0023041277,0.0023987882,0.0022567387,0.0,2025-05-05 14:12:58.787045,0,
0.0022545217,0.00202878,0.0026830505,0.0025103309,0.0017594763,0.0024403061,0.0028263554,0.0023055486,0.002383414,0.0022685218,0.0,2025-05-05 14:12:58.828517,0,
0.00227745,0.0020128747,0.0026616617,0.002530069,0.0017520279,0.0024538997,0.0028171802,0.0023260086,0.0023943654,0.0022714497,0.0,2025-05-05 14:12:58.870665,0,
0.0023311337,0.002005412,0.0026590782,0.0025443984,0.0017647324,0.002453061,0.0028257398,0.0023450665,0.0023809576,0.0022715244,0.0,2025-05-05 14:12:58.912085,0,
0.0023449443,0.0019878717,0.0026224805,0.0025757633,0.001771014,0.002455759,0.0028332244,0.0023644,0.002386113,0.0022755777,0.01818,2025-05-05 14:12:58.974640,1,5.0
0.002371339,0.0020456903,0.0026393842,0.0025788439,0.0017911671,0.0024349573,0.002824198,0.002349518,0.0023997244,0.0022610528,0.01818,2025-05-05 14:12:59.015414,1,5.0
0.0023980795,0.0021212075,0.0026038839,0.0025917059,0.0017622848,0.0024250473,0.00283464,0.0023655682,0.0024115788,0.002259038,0.01818,2025-05-05 14:12:59.057996,1,5.0
0.0023204493,0.0021607713,0.0025855321,0.0026086275,0.0017614157,0.0024209814,0.0028187218,0.002354107,0.0024404908,0.0022677719,0.01818,2025-05-05 14:12:59.099618,1,5.0
0.002334146,0.0021721944,0.0025617217,0.0026095344,0.0017546725,0.0024229498,0.0028131276,0.0023012334,0.0024147478,0.0022787857,0.01818,2025-05-05 14:12:59.140904,1,5.0
0.0023395624,0.00217863,0.0025716138,0.0026042645,0.0017614575,0.002406428,0.0028254099,0.0023746234,0.0023555113,0.0022655188,0.01818,2025-05-05 14:12:59.183019,1,5.0
0.0023344918,0.002083647,0.0025959488,0.0025903522,0.0017715591,0.0023935828,0.0028264984,0.0024239954,0.002323068,0.0022457596,0.01818,2025-05-05 14:12:59.245472,1,5.0
0.0023211974,0.002030259,0.0025907992,0.0025534213,0.0017975536,0.002389105,0.002795111,0.0024206224,0.0023123398,0.0022285935,0.01818,2025-05-05 14:12:59.286027,1,5.0
0.0023573404,0.0019397517,0.0025975592,0.0025273487,0.0018025145,0.0023957032,0.00279223,0.0024383408,0.002308903,0.0022293245,0.01818,2025-05-05 14:12:59.328902,1,5.0
0.002302306,0.0019315915,0.0026108618,0.0025121104,0.001791448,0.002408299,0.0027900734,0.0024039035,0.0023080367,0.0022265692,0.01818,2025-05-05 14:12:59.370517,1,5.0
0.002275041,0.0018919702,0.0026124245,0.00249652,0.0017943628,0.0024142615,0.0027924904,0.0023891162,0.002292435,0.002223769,0.01818,2025-05-05 14:12:59.412178,1,5.0
0.0022849783,0.0019423313,0.002608701,0.002516561,0.00179418,0.0024512748,0.002817839,0.0023567423,0.002291868,0.0022291446,0.01818,2025-05-05 14:12:59.453720,1,5.0
0.0023210072,0.0020216715,0.002647588,0.0025406599,0.0017605973,0.002427663,0.0028223011,0.00228707,0.0023408588,0.0022301332,0.01818,2025-05-05 14:12:59.516352,1,5.0
0.002237557,0.002001157,0.0026731053,0.0025403148,0.0017483382,0.002417474,0.0028312358,0.0022557215,0.0023766824,0.002230929,0.01818,2025-05-05 14:12:59.557921,1,5.0
0.0021486527,0.0020286143,0.0026566735,0.0025611331,0.0017319466,0.002396832,0.0028246557,0.002170405,0.0024105492,0.0022045148,0.01818,2025-05-05 14:12:59.599543,1,5.0
0.0021463907,0.0021152415,0.0026676385,0.0025720475,0.0017071912,0.002405226,0.0028109888,0.0022045807,0.0023608997,0.0022100925,0.01818,2025-05-05 14:12:59.641254,1,5.0
0.002091247,0.002077313,0.0026646478,0.0025827454,0.0017191092,0.002425653,0.002796187,0.002242532,0.0023452416,0.0021982898,0.01818,2025-05-05 14:12:59.682867,1,5.0
0.002118543,0.002027675,0.002675595,0.0025942824,0.0017383939,0.002394623,0.0028072465,0.0022623616,0.0023504442,0.002202755,0.01818,2025-05-05 14:12:59.746031,1,5.0
0.0021642314,0.001954939,0.0026880698,0.0026060732,0.0017537632,0.002360058,0.002796763,0.0023075333,0.002323248,0.0022039583,0.01818,2025-05-05 14:12:59.785712,1,5.0
0.0022119002,0.0019205313,0.0026703395,0.0025876372,0.0017500828,0.0023554666,0.002797925,0.002333564,0.0023305428,0.002209033,0.01818,2025-05-05 14:12:59.828874,1,5.0
0.0023139468,0.0019007039,0.002672828,0.0025863997,0.0017412663,0.002349064,0.0027864317,0.0023056092,0.0022981423,0.002187805,0.01818,2025-05-05 14:12:59.870449,1,5.0
0.0023160623,0.0018895874,0.0026651728,0.0025509137,0.0017499028,0.002344604,0.0027668993,0.0023262098,0.0023350064,0.00218926,0.01818,2025-05-05 14:12:59.912174,1,5.0
0.0023865167,0.0018567278,0.0026350347,0.0024960286,0.0017531832,0.002346254,0.0027544533,0.0023146574,0.0023537274,0.0021785598,0.01818,2025-05-05 14:12:59.953732,1,5.0
0.002431786,0.0018387745,0.0026429638,0.002478772,0.0017815308,0.0023712476,0.0027637642,0.002304959,0.0023712376,0.002184475,0.01818,2025-05-05 14:13:00.015136,1,5.0
0.0024943082,0.0018935193,0.00267822,0.0024856937,0.0018129378,0.002358067,0.002771303,0.0023096553,0.0024016597,0.0021794585,0.01818,2025-05-05 14:13:00.059049,1,5.0
0.0025176925,0.0019825916,0.002717615,0.0025145554,0.0018062771,0.0023881637,0.0027824251,0.002300437,0.0023720951,0.0021839873,0.01818,2025-05-05 14:13:00.099813,1,5.0
0.0024259707,0.002015969,0.0026986836,0.0025273743,0.0018399383,0.0024118698,0.002823123,0.0022533804,0.00236274,0.002199508,0.01818,2025-05-05 14:13:00.141327,1,5.0
0.0024700642,0.0020549558,0.002717883,0.002550428,0.0018435995,0.0024259365,0.0028427003,0.0022376908,0.0023869073,0.0022003448,0.01818,2025-05-05 14:13:00.182741,1,5.0
0.002478735,0.002086072,0.002712675,0.0025862863,0.0018274264,0.0024572674,0.0028483795,0.002267093,0.0023880624,0.0021953965,0.01818,2025-05-05 14:13:00.224633,1,5.0
0.0025070433,0.0021019953,0.0027116023,0.002587461,0.0018094983,0.002473356,0.0028404896,0.0022884978,0.002408579,0.002173859,0.01818,2025-05-05 14:13:00.287139,1,5.0
0.0025052205,0.0021435178,0.00272114,0.0025867654,0.0017629702,0.002509919,0.002844689,0.0022838707,0.0024257917,0.0021897424,0.01818,2025-05-05 14:13:00.328758,1,5.0
0.0024567689,0.0021663664,0.0027138374,0.0025951876,0.0017541115,0.0025056587,0.0028311526,0.002264367,0.002420168,0.0022013043,0.01818,2025-05-05 14:13:00.370455,1,5.0
0.0024765858,0.0021369944,0.0027109387,0.0026024806,0.0017332444,0.0025005776,0.002838414,0.0022386748,0.0024166512,0.0022163754,0.01818,2025-05-05 14:13:00.411991,1,5.0
0.0023651368,0.002112513,0.0027076344,0.0026093547,0.0017177566,0.0024905915,0.002824361,0.0022436583,0.0024070386,0.0021829456,0.01818,2025-05-05 14:13:00.454093,1,5.0
0.0024015242,0.0020642716,0.002689421,0.0025931906,0.0017354628,0.0024674071,0.002839471,0.0022748585,0.0024330837,0.002197317,0.01818,2025-05-05 14:13:00.515979,1,5.0
0.0023143298,0.0020194654,0.002650082,0.00253793,0.0017296646,0.002440172,0.0028288686,0.0023200319,0.002389612,0.0021995672,0.01818,2025-05-05 14:13:00.557952,1,5.0
0.0022550698,0.0019786886,0.0026439698,0.0025356663,0.0017355145,0.0024188347,0.0027818012,0.002321608,0.0023516237,0.0021949108,0.01818,2025-05-05 14:13:00.599503,1,5.0
0.0022521534,0.0019475573,0.0026579066,0.0025229931,0.0017512743,0.0024341333,0.0027649996,0.0023013921,0.0023742404,0.0021777768,0.01818,2025-05-05 14:13:00.641434,1,5.0
0.0023706453,0.0019628813,0.002671785,0.0025266495,0.0017737123,0.002428648,0.0027700702,0.0022745824,0.0023844969,0.0021732554,0.01818,2025-05-05 14:13:00.682967,1,5.0
0.0024988188,0.001971745,0.0026953511,0.0025372205,0.0017664973,0.002449579,0.0027835954,0.0022879343,0.0023766777,0.002187573,0.01818,2025-05-05 14:13:00.724678,1,5.0
0.0025386102,0.0019738558,0.0027289877,0.002556612,0.0017808847,0.0024744913,0.0028185549,0.0023317703,0.0024030283,0.0022019888,0.01818,2025-05-05 14:13:00.787218,1,5.0
0.002608637,0.001989871,0.0027480589,0.0025742792,0.0018122051,0.0024658325,0.002828831,0.0022162471,0.0024203502,0.0021889096,0.01818,2025-05-05 14:13:00.828719,1,5.0
0.0026370091,0.0020532191,0.0027403666,0.0025452573,0.0018226829,0.0024688786,0.0028281815,0.0022275297,0.0023909276,0.0021744778,0.01818,2025-05-05 14:13:00.870407,1,5.0
0.0026147787,0.0021050265,0.0027324408,0.0025622384,0.0017955825,0.0024547263,0.0028319724,0.002261901,0.0023882173,0.0021915627,0.01818,2025-05-05 14:13:00.912294,1,5.0
0.0026085058,0.0020743306,0.0027250014,0.0025547098,0.0017974323,0.0024775784,0.002817943,0.0022567105,0.0023609418,0.0021890195,0.01818,2025-05-05 14:13:00.953750,1,5.0
0.0025801049,0.0020762053,0.0027289498,0.002589146,0.0017622329,0.0024908246,0.002816062,0.002237859,0.0023676765,0.002182285,0.01818,2025-05-05 14:13:00.995724,1,5.0
0.0024997161,0.0020421967,0.002711546,0.0025591594,0.0017155623,0.0025081197,0.002828414,0.002250351,0.002354065,0.0021730694,0.01818,2025-05-05 14:13:01.056701,1,5.0
0.0024130056,0.0020237928,0.0027059705,0.00256029,0.0017145707,0.0025202753,0.0028367112,0.002228176,0.0023549595,0.0021917857,0.01818,2025-05-05 14:13:01.098716,1,5.0
0.002325934,0.0020107995,0.0027013111,0.0025541687,0.0017174961,0.0025103695,0.0028188676,0.0021959739,0.0023651563,0.002198015,0.01818,2025-05-05 14:13:01.140422,1,5.0
0.002327746,0.002056461,0.002711276,0.0025380403,0.0016965732,0.002477322,0.002815646,0.0022087602,0.0023459618,0.0021904027,0.01818,2025-05-05 14:13:01.182928,1,5.0
0.0023537115,0.0020062148,0.0026739403,0.002526327,0.0017367302,0.0024312986,0.0027832116,0.0022258349,0.00232775,0.00218012,0.01818,2025-05-05 14:13:01.223516,1,5.0
0.002407748,0.0019803408,0.002680311,0.0025246358,0.0017502996,0.0024281032,0.0027736935,0.002180502,0.0023295449,0.0021737232,0.01818,2025-05-05 14:13:01.286469,1,5.0
0.002439583,0.0019769138,0.0026791594,0.002551602,0.0017711711,0.0024383313,0.0027804072,0.0021596483,0.0023607526,0.002163248,0.01818,2025-05-05 14:13:01.327709,1,5.0
0.00251568,0.0019641507,0.002668249,0.0025358999,0.0017792449,0.0024676803,0.0028016113,0.0022036221,0.0023031652,0.0021778098,0.01818,2025-05-05 14:13:01.370454,1,5.0
0.002684345,0.0019471264,0.0026726357,0.0025549973,0.001797125,0.0024584602,0.0028249254,0.0022537159,0.0023100153,0.0021939564,0.01818,2025-05-05 14:13:01.411358,1,5.0
0.0026282296,0.0019260981,0.0026912978,0.0025644186,0.0017748461,0.002453054,0.0028268853,0.0022390222,0.0023295302,0.0021689096,0.01818,2025-05-05 14:13:01.453893,1,5.0
0.0025042812,0.0019430937,0.0026727128,0.0025581212,0.0017549604,0.0024578415,0.0028286695,0.002221601,0.0023242522,0.0021754166,0.01818,2025-05-05 14:13:01.494732,1,5.0
0.0023331004,0.0019702762,0.0026369852,0.0025655206,0.001775034,0.0024457683,0.0028291047,0.0022536053,0.0023105543,0.0021610078,0.01818,2025-05-05 14:13:01.557291,1,5.0
0.002271741,0.0019987214,0.0025875124,0.0025789603,0.0017598401,0.0024597598,0.0028482543,0.0022256484,0.0023412649,0.0021676,0.01818,2025-05-05 14:13:01.599627,1,5.0
0.0023099487,0.0019902259,0.002590923,0.0025662654,0.0017430556,0.0024637827,0.002849073,0.0022236493,0.0023462428,0.002171547,0.01818,2025-05-05 14:13:01.641253,1,5.0
0.002233108,0.002019991,0.0026087537,0.002563449,0.0017631273,0.00249253,0.0028475928,0.0022306868,0.0023505636,0.0021810583,0.01818,2025-05-05 14:13:01.682950,1,5.0
0.0022687507,0.0020549686,0.0026001048,0.0025512828,0.0017637733,0.0024715613,0.0028448433,0.0022721435,0.0023688765,0.0021917664,0.01818,2025-05-05 14:13:01.724640,1,5.0
0.0023401193,0.002046754,0.0025778068,0.002565392,0.0017459581,0.0024536045,0.0028279927,0.0022581555,0.0023893141,0.002204477,0.01818,2025-05-05 14:13:01.787092,1,5.0
0.0022055802,0.0020485031,0.0025899247,0.002542302,0.0017667941,0.0024442496,0.0028352323,0.0022612591,0.0023879185,0.0021940789,0.01818,2025-05-05 14:13:01.828777,1,5.0
0.0022766108,0.002037395,0.0026035858,0.0025262435,0.0017882432,0.0024322744,0.0028190673,0.0022878551,0.0023824233,0.0021570944,0.01818,2025-05-05 14:13:01.870561,1,5.0
0.002181057,0.0020126456,0.0025743477,0.0025245969,0.0018073395,0.0024305424,0.002798958,0.0022882272,0.0023847152,0.002188327,0.01818,2025-05-05 14:13:01.912127,1,5.0
0.00224855,0.0019667454,0.0025991024,0.002493199,0.0018065663,0.0024333573,0.0027997692,0.0022929118,0.0023397757,0.0022061144,0.01818,2025-05-05 14:13:01.953922,1,5.0
0.0022434227,0.001947217,0.0026200959,0.0025207412,0.0018228797,0.0024103087,0.0027923794,0.0023379833,0.0023288655,0.002196282,0.01818,2025-05-05 14:13:01.994315,1,5.0
0.0022331097,0.001997829,0.0026633905,0.002531473,0.0017998983,0.002417638,0.0028094153,0.002354896,0.0023452623,0.0021979588,0.01818,2025-05-05 14:13:02.057413,1,5.0
0.0022133703,0.0019345147,0.0026853366,0.0025451698,0.0017796647,0.0024158328,0.002822574,0.0023945547,0.0023599719,0.0022222733,0.01818,2025-05-05 14:13:02.099812,1,5.0
0.00237471,0.0018861607,0.0026887301,0.002569317,0.001751934,0.0024372488,0.0028261135,0.0023360052,0.0023979112,0.0022066312,0.01818,2025-05-05 14:13:02.141339,1,5.0
0.0024147271,0.001936521,0.0026890251,0.0025697334,0.0017234032,0.0024059035,0.0028209942,0.0023205306,0.0024161607,0.0021985355,0.01818,2025-05-05 14:13:02.183127,1,5.0
0.0023551728,0.0019432631,0.0026745382,0.0025606619,0.0017040786,0.0024276709,0.0028258578,0.0022265748,0.0024331964,0.0021893873,0.01818,2025-05-05 14:13:02.224552,1,5.0
0.00237122,0.0019514249,0.0026829506,0.0025739814,0.0017018168,0.0024560187,0.0028159176,0.002198522,0.0024356295,0.0022010924,0.01818,2025-05-05 14:13:02.266368,1,5.0
0.0023024038,0.0019533958,0.0026740124,0.002558851,0.001701475,0.0024591198,0.002816994,0.0021395774,0.0023930976,0.0022045893,0.01818,2025-05-05 14:13:02.328721,1,5.0
0.0022199356,0.0019768118,0.00268459,0.0025371693,0.0017245549,0.0024571363,0.002806679,0.0021189924,0.0023711943,0.0021977252,0.01818,2025-05-05 14:13:02.370416,1,5.0
0.0022295415,0.0019816055,0.0026830088,0.00252205,0.0017449467,0.0024530187,0.002817358,0.0021467844,0.0023468488,0.002196885,0.01818,2025-05-05 14:13:02.412027,1,5.0
0.002164496,0.001993462,0.0027116966,0.0025261475,0.0017623504,0.0024628288,0.002821457,0.0021261172,0.002342453,0.0022168288,0.01818,2025-05-05 14:13:02.452647,1,5.0
0.0020291626,0.0020933624,0.00269548,0.002518465,0.0017919826,0.0024154487,0.00280558,0.0021503924,0.0023307647,0.0022272444,0.01818,2025-05-05 14:13:02.495450,1,5.0
0.0020214864,0.002067254,0.0026676103,0.0025153335,0.0018050749,0.0024228087,0.0027897996,0.002195285,0.002323509,0.002199972,0.01818,2025-05-05 14:13:02.558093,1,5.0
0.002188298,0.002045819,0.0026974026,0.0025095842,0.0017774942,0.002446733,0.002788115,0.0022129477,0.0023477077,0.0022057777,0.01818,2025-05-05 14:13:02.599586,1,5.0
0.0021912805,0.0020442659,0.0026955886,0.0025132156,0.0017707817,0.002412622,0.002783053,0.0022469738,0.002380847,0.0022241783,0.01818,2025-05-05 14:13:02.641163,1,5.0
0.0021967571,0.002066008,0.0026745198,0.0025131607,0.0017707121,0.0024177062,0.0027832785,0.0022337383,0.0023758686,0.0022350268,0.01818,2025-05-05 14:13:02.683021,1,5.0
0.002267396,0.0020557176,0.002722605,0.0025532118,0.0017746483,0.0024137085,0.0028020227,0.002219165,0.0023789008,0.0022231834,0.01818,2025-05-05 14:13:02.724649,1,5.0
0.0022451463,0.0020080903,0.002737275,0.002533435,0.0017468202,0.0024262385,0.002799366,0.0021820853,0.0023506507,0.0022267143,0.01818,2025-05-05 14:13:02.766273,1,5.0
0.00226775,0.0020190445,0.002773611,0.0025615164,0.001731071,0.0024369336,0.0028157684,0.0021031941,0.0023491604,0.0022304389,0.01818,2025-05-05 14:13:02.828822,1,5.0
0.0022244584,0.0019983493,0.0027889332,0.0025678705,0.0017304708,0.0024258888,0.0028133236,0.0020907081,0.0023522864,0.0022234176,0.01818,2025-05-05 14:13:02.870414,1,5.0
0.002210516,0.0019799848,0.002738616,0.0025556479,0.001737264,0.0024375673,0.002810109,0.0020932353,0.002351935,0.0022075807,0.01818,2025-05-05 14:13:02.912499,1,5.0
0.0021932067,0.0020411145,0.0027201136,0.0025213428,0.0017722467,0.002423016,0.0028100365,0.0020993287,0.0023765333,0.0021942232,0.01818,2025-05-05 14:13:02.953938,1,5.0
0.0022319893,0.0020451737,0.002736344,0.002502354,0.0017716371,0.0024238937,0.002810398,0.0021344884,0.0023769636,0.0021782825,0.01818,2025-05-05 14:13:02.995685,1,5.0
0.0021928172,0.0020620574,0.0026959726,0.002524104,0.0017429623,0.0024430568,0.002804798,0.0021748831,0.0024051697,0.0021747637,0.01818,2025-05-05 14:13:03.036293,1,5.0
0.0022146937,0.002033061,0.0026888303,0.0025008344,0.0017307469,0.0024760363,0.0028303568,0.0022242095,0.0024222182,0.0021800848,0.01818,2025-05-05 14:13:03.099773,1,5.0
0.002348415,0.0020562247,0.002722995,0.0024906,0.001715699,0.0024758412,0.0028510906,0.0022576149,0.0023973552,0.0021737714,0.01818,2025-05-05 14:13:03.141311,1,5.0
0.0023874966,0.002042541,0.002687943,0.002453406,0.0017236402,0.002441382,0.002818018,0.0022513869,0.0023611952,0.0021572106,0.01818,2025-05-05 14:13:03.183067,1,5.0
0.0022264963,0.002037971,0.002688181,0.0024783814,0.0017153494,0.0024306967,0.0028248306,0.002306577,0.0023559832,0.002158867,0.01818,2025-05-05 14:13:03.223992,1,5.0
0.0022805126,0.0020394425,0.0026726937,0.0025093085,0.0017082783,0.0024380898,0.002830101,0.0022725808,0.00234918,0.0021724214,0.01818,2025-05-05 14:13:03.265347,1,5.0
0.0023236603,0.0020268012,0.0026721056,0.0025258528,0.0017221182,0.0024430605,0.0028478755,0.0023167813,0.002376734,0.00217568,0.01818,2025-05-05 14:13:03.329159,1,5.0
0.002362979,0.0019772109,0.0026966215,0.0025562672,0.0017567335,0.0024710135,0.0028670134,0.0023001644,0.0023789709,0.002231008,0.01818,2025-05-05 14:13:03.370252,1,5.0
0.0023866564,0.0019782018,0.0027185797,0.002565999,0.0017535774,0.0024844008,0.0028580404,0.0021843107,0.0023484435,0.0022333895,0.01818,2025-05-05 14:13:03.411345,1,5.0
0.0024360972,0.001975691,0.0027165737,0.0025754664,0.0017634365,0.0024756824,0.002849961,0.0021662423,0.002339583,0.00224263,0.01818,2025-05-05 14:13:03.453912,1,5.0
0.002321204,0.0019906606,0.0027107322,0.0025603182,0.0017843788,0.0024685736,0.0028402146,0.0021379343,0.0023360003,0.0022686783,0.01818,2025-05-05 14:13:03.494110,1,5.0
0.0022810113,0.0020133473,0.0027060225,0.0025905082,0.0017754427,0.0024594502,0.002830804,0.0021121467,0.002372122,0.002261902,0.01818,2025-05-05 14:13:03.536549,1,5.0
0.002389356,0.00200422,0.0027051216,0.0025655979,0.0017907023,0.0024681445,0.0027977433,0.0021722177,0.0023831085,0.0022475335,0.01818,2025-05-05 14:13:03.599592,1,5.0
0.0024061352,0.002009822,0.0027070781,0.002576044,0.0017801496,0.002461325,0.00279612,0.0021803628,0.002376713,0.0022665905,0.01818,2025-05-05 14:13:03.641206,1,5.0
0.0025641245,0.0019929826,0.0027252529,0.0025888132,0.0017909295,0.002480103,0.002801331,0.0021913513,0.0023637326,0.0022621073,0.01818,2025-05-05 14:13:03.682905,1,5.0
0.0025203892,0.0019678276,0.0027099382,0.002588935,0.0017943865,0.002486709,0.0027985852,0.002237741,0.0023443585,0.0022611998,0.01818,2025-05-05 14:13:03.723692,1,5.0
0.002545052,0.0019925945,0.0027122851,0.0025578658,0.0018053037,0.0024743855,0.0027630317,0.002253576,0.0023531986,0.0022560833,0.01818,2025-05-05 14:13:03.765110,1,5.0
0.002600816,0.0019648978,0.0026941956,0.0025487824,0.0017839577,0.0024724281,0.0027366502,0.0023111468,0.0023828878,0.0022028387,0.01818,2025-05-05 14:13:03.807222,1,5.0
0.00259047,0.0019690713,0.0026942329,0.002550876,0.0017657549,0.0024500657,0.0027472482,0.0022581865,0.0023962904,0.0021883422,0.01818,2025-05-05 14:13:03.870468,1,5.0
0.002559824,0.0019453312,0.0026786241,0.00255569,0.0017679739,0.0024644742,0.0027644143,0.0022118927,0.002384475,0.0021957883,0.01818,2025-05-05 14:13:03.912312,1,5.0
0.0024660933,0.0019747084,0.0026744795,0.002563597,0.0017615287,0.0024798783,0.0027926837,0.002193596,0.0023799057,0.0021679017,0.01818,2025-05-05 14:13:03.953829,1,5.0
0.0025089628,0.0020239432,0.00264994,0.0025656535,0.0017468953,0.002490029,0.0027994206,0.0021251005,0.002411817,0.0021610681,0.01818,2025-05-05 14:13:03.995696,1,5.0
0.0025028742,0.0019859413,0.0026282282,0.0025768473,0.0017688591,0.0024884488,0.0028135667,0.0021156042,0.0024241763,0.002197041,0.01818,2025-05-05 14:13:04.037209,1,5.0
0.0025385632,0.0019738206,0.0026377349,0.0025815538,0.0017485961,0.0024781541,0.0028187314,0.0020764277,0.0024198636,0.002197926,0.01818,2025-05-05 14:13:04.099870,1,5.0
0.0025626149,0.00198408,0.0026145966,0.0025279846,0.0017659467,0.0024770673,0.0028203533,0.0020533772,0.002411149,0.002196279,0.01818,2025-05-05 14:13:04.139713,1,5.0
0.0024885412,0.0019536128,0.0026065055,0.002544593,0.0017766305,0.0024907019,0.0028202068,0.0021065213,0.00238368,0.002177855,0.01818,2025-05-05 14:13:04.183022,1,5.0
0.0024071347,0.0019813296,0.0025880905,0.0025431567,0.0017699116,0.002508172,0.0028135898,0.0021354635,0.0024137048,0.0021815198,0.01818,2025-05-05 14:13:04.223088,1,5.0
0.0023852556,0.0019949586,0.0026101344,0.0025324696,0.0017822364,0.0024909254,0.0028204247,0.0021626807,0.0024015333,0.002206413,0.01818,2025-05-05 14:13:04.266690,1,5.0
0.0024946085,0.0019713873,0.002589551,0.0025609722,0.0018011939,0.002502063,0.0028218108,0.0022174697,0.002430472,0.0022087595,0.01818,2025-05-05 14:13:04.308110,1,5.0
0.0024265393,0.0019451813,0.002583366,0.002577122,0.0018208167,0.0024885042,0.0028141795,0.0022658014,0.0024216382,0.0022117828,0.01818,2025-05-05 14:13:04.370469,1,5.0
0.0023607863,0.0019627796,0.0026156756,0.0025606016,0.0018364106,0.0024592262,0.0028036248,0.002320183,0.0023775557,0.002359047,0.01818,2025-05-05 14:13:04.412112,1,5.0
0.00227978,0.0019499917,0.0025533359,0.0025971099,0.0018279299,0.0024189355,0.0027698923,0.0023766593,0.0024211912,0.0025463097,0.01818,2025-05-05 14:13:04.453733,1,5.0
0.0022507594,0.0019417916,0.0025491477,0.0026041197,0.0018476793,0.002288826,0.002783239,0.00245181,0.0024143364,0.002342103,0.01818,2025-05-05 14:13:04.495698,1,5.0
0.0021796082,0.001947534,0.0025269887,0.0025760736,0.0017961247,0.002340929,0.0028057238,0.0024511684,0.0023173979,0.0023127273,0.01818,2025-05-05 14:13:04.537334,1,5.0
0.0022156527,0.0020158465,0.0024480675,0.002619998,0.0017996983,0.002421253,0.002807816,0.0024210592,0.002257191,0.00224132,0.01818,2025-05-05 14:13:04.578937,1,5.0
0.002212482,0.0020405268,0.0024998155,0.0026505215,0.0018231893,0.002401651,0.0028552825,0.0024287724,0.0023133128,0.0020912269,0.01818,2025-05-05 14:13:04.641461,1,5.0
0.0022328228,0.0020516866,0.002527943,0.0026630033,0.001789957,0.0022987984,0.0028618663,0.002380922,0.0023222573,0.0021240474,0.01818,2025-05-05 14:13:04.682922,1,5.0
0.002230156,0.0020735725,0.0025824998,0.0026843622,0.0018042177,0.002405197,0.0028387457,0.0023331032,0.0023484272,0.0021875717,0.01818,2025-05-05 14:13:04.723298,1,5.0
0.002352137,0.0020687284,0.00261664,0.0026217704,0.0018034931,0.002537097,0.0028163136,0.0023121356,0.0023580901,0.002166309,0.01818,2025-05-05 14:13:04.766714,1,5.0
0.002357372,0.0020416444,0.0026031914,0.0026564,0.0018237273,0.002475802,0.0028014386,0.0023112053,0.0023933325,0.0021556783,0.01818,2025-05-05 14:13:04.808043,1,5.0
0.0023079724,0.0020145474,0.002554258,0.0025838262,0.001825015,0.002413567,0.0027658374,0.0023045228,0.0024141313,0.0020053193,0.01818,2025-05-05 14:13:04.870361,1,5.0
0.0023334222,0.0020583007,0.0025194013,0.0026285953,0.0018141886,0.0027179844,0.0028298032,0.0022351285,0.0023542114,0.0018714103,0.01818,2025-05-05 14:13:04.912247,1,5.0
0.002240804,0.0020212973,0.0026703016,0.0026021723,0.0017945935,0.0030181778,0.0028359843,0.002233843,0.0023122611,0.0020625829,0.01818,2025-05-05 14:13:04.953861,1,5.0
0.002267618,0.0020284303,0.0026739973,0.0026001174,0.0017476697,0.0029723772,0.0028205016,0.0022324692,0.002302008,0.002197396,0.01818,2025-05-05 14:13:04.994841,1,5.0
0.0023146253,0.0020682167,0.0027484181,0.0025296805,0.0017649152,0.0028621599,0.0027986025,0.0021897976,0.002206256,0.0022441004,0.01818,2025-05-05 14:13:05.037177,1,5.0
0.0023069042,0.0021384133,0.0026985973,0.0024902653,0.0017717108,0.0028036742,0.0027681089,0.0021794133,0.0022492462,0.0024257053,0.01818,2025-05-05 14:13:05.077853,1,5.0
0.0023037523,0.002100725,0.0026901688,0.002467718,0.0017631217,0.0027992947,0.002763141,0.0021218108,0.0023283777,0.0024260806,0.01818,2025-05-05 14:13:05.141362,1,5.0
0.0023392227,0.00209176,0.002676405,0.0024447925,0.0017388434,0.0028479565,0.0027653764,0.002068548,0.0023485138,0.002323561,0.01818,2025-05-05 14:13:05.183653,1,5.0
0.00225035,0.0020624192,0.0027014867,0.0024615694,0.0017296287,0.0026317951,0.0027777806,0.0020686286,0.0022941967,0.0023609782,0.01818,2025-05-05 14:13:05.224752,1,5.0
0.0021797165,0.0020554913,0.002815776,0.0024672423,0.0017392205,0.002626071,0.0028065513,0.0020653743,0.0022957602,0.002379001,0.01818,2025-05-05 14:13:05.266323,1,5.0
0.002220496,0.0020369294,0.0028169507,0.0024491753,0.0017217157,0.0026979197,0.0028393308,0.002079052,0.002367604,0.002395581,0.01818,2025-05-05 14:13:05.307928,1,5.0
0.0021951837,0.0020409373,0.002820246,0.0024411331,0.0017134843,0.0026241625,0.0028254,0.0021138252,0.002369415,0.0023682516,0.01818,2025-05-05 14:13:05.350010,1,5.0
0.0022030056,0.0020041722,0.0027755182,0.002448993,0.0016805455,0.0024788126,0.0027819746,0.0021591857,0.0023742511,0.0023722812,0.01818,2025-05-05 14:13:05.412144,1,5.0
0.002161605,0.001959445,0.0027278815,0.0025229524,0.0016920886,0.002486889,0.0027914383,0.0022081912,0.0023863986,0.0022213643,0.01818,2025-05-05 14:13:05.454008,1,5.0
0.002241101,0.0019360301,0.0026801955,0.0025437912,0.0017275502,0.0025094198,0.002810556,0.002217244,0.0023994874,0.0022445924,0.01818,2025-05-05 14:13:05.495514,1,5.0
0.002195785,0.0019472868,0.0026615132,0.0025169577,0.0017301306,0.0024798757,0.002824937,0.0022593183,0.002356797,0.0022170744,0.01818,2025-05-05 14:13:05.537240,1,5.0
0.0021628714,0.001934352,0.0026465363,0.0025123772,0.0017514579,0.002480777,0.0028132475,0.0022847801,0.0023676262,0.0021966964,0.01818,2025-05-05 14:13:05.578693,1,5.0
0.0021828688,0.0019719817,0.0026316561,0.0025293778,0.0017515023,0.0024984695,0.002816726,0.0022811352,0.0023637754,0.002212669,0.01818,2025-05-05 14:13:05.641463,1,5.0
0.0021991327,0.0019724239,0.002637583,0.0025575538,0.0017260266,0.0024587982,0.0028156205,0.002316531,0.002375203,0.0022091134,0.01818,2025-05-05 14:13:05.683021,1,5.0
0.0021839112,0.0020088765,0.0026228102,0.0025286272,0.0017223834,0.0024305684,0.0028239577,0.0023142563,0.0023460926,0.0022135146,0.01818,2025-05-05 14:13:05.724885,1,5.0
0.0022098285,0.0020102786,0.0026082466,0.002505747,0.0017383735,0.0024232261,0.0028181353,0.0022938962,0.0024007545,0.0021899545,0.01818,2025-05-05 14:13:05.766503,1,5.0
0.002218365,0.0020307563,0.002622117,0.0025145325,0.001742296,0.002418765,0.0028229377,0.0023237688,0.0023948092,0.0021713914,0.01818,2025-05-05 14:13:05.808018,1,5.0
0.002158428,0.0020301968,0.0026288428,0.0024842378,0.0017227281,0.0024182838,0.0028374414,0.002307355,0.0023888033,0.0021863508,0.01818,2025-05-05 14:13:05.849630,1,5.0
0.002098758,0.0020406933,0.0026668417,0.0024997971,0.001732135,0.0024191742,0.0028654921,0.002285356,0.0023917747,0.0021996335,0.01818,2025-05-05 14:13:05.912124,1,5.0
0.0021544371,0.0020196142,0.0026651989,0.0025315182,0.0017533557,0.0024200606,0.0028713443,0.0022247022,0.0024114212,0.0021983397,0.01818,2025-05-05 14:13:05.953797,1,5.0
0.0021739383,0.002016831,0.0026816363,0.0025399441,0.0017534029,0.0023838442,0.0028435285,0.0022150248,0.0024159248,0.0021798965,0.0,2025-05-05 14:13:05.994082,0,
0.0021609827,0.0020373608,0.0026937192,0.0025223515,0.0017607621,0.0023603146,0.0028483728,0.0021969401,0.0024148962,0.0021881983,0.0,2025-05-05 14:13:06.037336,0,
0.0022170271,0.0020610648,0.0026990103,0.002511771,0.0017548179,0.0023487196,0.0028417734,0.0022273462,0.0024117043,0.0021735004,0.0,2025-05-05 14:13:06.078259,0,
0.0021940041,0.0020290154,0.0027097831,0.0025287257,0.0017186862,0.00232872,0.0028500732,0.0022924677,0.0023730027,0.0021823365,0.0,2025-05-05 14:13:06.120907,0,
0.0022783938,0.0020525537,0.0027079193,0.0025426284,0.0017025293,0.0023433731,0.0028467162,0.002283736,0.002378664,0.0021904903,0.0,2025-05-05 14:13:06.182995,0,
0.0022901844,0.0020394053,0.0027387282,0.00255003,0.0017379946,0.002368262,0.002852249,0.0023266864,0.002378192,0.002191678,0.0,2025-05-05 14:13:06.223150,0,
0.0023554114,0.0020089787,0.002758164,0.0025666605,0.0017849714,0.002395222,0.0028699152,0.0023367435,0.0023836351,0.0022198476,0.0,2025-05-05 14:13:06.266471,0,
0.0023118472,0.0019554605,0.0027083827,0.0025851494,0.0018215489,0.0024176266,0.0028760775,0.0023334015,0.0023779518,0.0022159342,0.0,2025-05-05 14:13:06.308193,0,
0.0022557068,0.0019453104,0.0027001973,0.002607962,0.001857052,0.0024308672,0.0028521032,0.0023267928,0.0023669878,0.0021974023,0.0,2025-05-05 14:13:06.349704,0,
0.0023060264,0.0019332257,0.0027146991,0.0025900654,0.0018662956,0.0024248238,0.0028249614,0.0023466784,0.0023467892,0.0021835207,0.0,2025-05-05 14:13:06.412311,0,
0.0022367826,0.0019397412,0.0027147725,0.0025488369,0.0018582101,0.002457809,0.0028446694,0.002357951,0.0023464607,0.0022026843,0.0,2025-05-05 14:13:06.453770,0,
0.0022619087,0.001967373,0.0027033887,0.0025453982,0.0018249345,0.0024719937,0.0028308225,0.002304652,0.0023235446,0.0022171978,0.0,2025-05-05 14:13:06.495799,0,
0.0022935374,0.0019765699,0.0026833902,0.0025240215,0.0017538598,0.002481947,0.0028350328,0.0023018597,0.0023245004,0.0022262733,0.0,2025-05-05 14:13:06.537836,0,
0.0023272997,0.0019960743,0.0026411046,0.002527047,0.0017070507,0.00248287,0.0028309154,0.0023411359,0.0023001258,0.0022214819,0.0,2025-05-05 14:13:06.578906,0,
0.002385257,0.0020073336,0.0026448178,0.0025004449,0.0016582671,0.0024873049,0.0028200764,0.0023418916,0.0023018885,0.002210776,0.0,2025-05-05 14:13:06.620464,0,
0.0023736476,0.0020212969,0.002632483,0.002490928,0.0016786517,0.0024565456,0.0028124074,0.0023758784,0.0023008839,0.0022246987,0.0,2025-05-05 14:13:06.682441,0,
0.002416962,0.0020066886,0.0026275744,0.00246523,0.001698381,0.0024568546,0.0027886205,0.0023656592,0.0023258387,0.0022271296,0.0,2025-05-05 14:13:06.724555,0,
0.0022945404,0.0019864775,0.0026190903,0.002481203,0.0017615746,0.0024737907,0.0027922106,0.0023465084,0.002328849,0.0022232593,0.0,2025-05-05 14:13:06.766420,0,
0.0021824613,0.001974438,0.0026042585,0.0024797826,0.0018063312,0.0024638667,0.0028096382,0.002326149,0.0023306315,0.0022258104,0.0,2025-05-05 14:13:06.807905,0,
0.00212475,0.0020084162,0.002589873,0.0024809756,0.0018106555,0.0024573212,0.0028133516,0.002335797,0.0023523348,0.0022442227,0.0,2025-05-05 14:13:06.849528,0,
0.0020835404,0.0020515206,0.0025891257,0.0024946271,0.0017824606,0.0024625303,0.0028029871,0.00237186,0.0023540487,0.0022487934,0.0,2025-05-05 14:13:06.891175,0,
0.0021514127,0.0020331868,0.0025813978,0.0025163877,0.0017733505,0.0024602981,0.0028091713,0.0023805257,0.0023612871,0.0022591949,0.0,2025-05-05 14:13:06.953826,0,
0.0021233817,0.0020271358,0.002607356,0.002508377,0.0017326585,0.0024498398,0.0028066041,0.0023711203,0.002366694,0.0022735384,0.0,2025-05-05 14:13:06.994891,0,
0.0020529646,0.0020146547,0.0025923909,0.002501672,0.0017105825,0.0024369769,0.0027947177,0.0023265835,0.002370146,0.0022764115,0.0,2025-05-05 14:13:07.037490,0,
0.002159011,0.0020165194,0.002606662,0.0025087113,0.0017226146,0.002453544,0.0028061261,0.0023003884,0.0023828973,0.0022756164,0.0,2025-05-05 14:13:07.077351,0,
0.002161539,0.0019813115,0.0026151906,0.0025432985,0.0017520835,0.002453755,0.0027921484,0.002293102,0.002381736,0.0022820905,0.0,2025-05-05 14:13:07.120591,0,
0.0022358813,0.0020050064,0.0026065416,0.00254226,0.0017620937,0.0024371645,0.0028116165,0.0023344224,0.0023715098,0.002270718,0.0,2025-05-05 14:13:07.183010,0,
0.0022498416,0.0020149206,0.0026251415,0.0025546374,0.0018027698,0.0024311335,0.0028197628,0.0022959034,0.0023691452,0.0022967567,0.0,2025-05-05 14:13:07.224529,0,
0.0023326834,0.0019413561,0.0026329595,0.0025785288,0.001816155,0.0024462368,0.0028226888,0.0022181508,0.0023637083,0.0023008687,0.0,2025-05-05 14:13:07.266294,0,
0.0023236999,0.001982415,0.0026622757,0.0025911608,0.001819505,0.0024249698,0.0028372512,0.0021915934,0.0023877204,0.00228915,0.0,2025-05-05 14:13:07.307946,0,
0.0022823866,0.0020460447,0.0026655092,0.002586989,0.0017821763,0.002424832,0.002836146,0.0021984058,0.0024156282,0.002298629,0.0,2025-05-05 14:13:07.349659,0,
0.0022978738,0.0019993572,0.0026974538,0.0025996303,0.001791969,0.002409854,0.0028428996,0.002184544,0.002400467,0.0022810511,0.0,2025-05-05 14:13:07.391200,0,
0.0022522814,0.001999113,0.0026879178,0.0026064748,0.0017951408,0.0024248587,0.0028290101,0.0022196707,0.0024144836,0.002255537,0.0,2025-05-05 14:13:07.454225,0,
0.0022678522,0.0019744814,0.0026889283,0.00260033,0.0017640224,0.002418577,0.0028436524,0.0022354566,0.0024071625,0.0022289816,0.0,2025-05-05 14:13:07.495764,0,
0.0022581224,0.0019611553,0.0026754707,0.002602407,0.0017690848,0.0024287365,0.0028367406,0.0022400992,0.0024032413,0.0022172534,0.0,2025-05-05 14:13:07.537092,0,
0.002302935,0.0019238477,0.002686561,0.0025955546,0.0017717964,0.002431163,0.0028390435,0.0022279709,0.0024168214,0.0022099738,0.0,2025-05-05 14:13:07.578748,0,
0.002291719,0.0019420733,0.002677571,0.0025972782,0.001721764,0.0024419052,0.0028254257,0.002266048,0.0023918452,0.0022332822,0.0,2025-05-05 14:13:07.620668,0,
0.0023568938,0.0019553108,0.0026799531,0.0025987225,0.0017112622,0.0024428382,0.0028100673,0.0022713987,0.0023679784,0.0022051674,0.0,2025-05-05 14:13:07.662117,0,
0.0024035033,0.0018907179,0.002681908,0.0025665616,0.0017191026,0.0024452254,0.002806173,0.002201256,0.0023655954,0.00220496,0.0,2025-05-05 14:13:07.723274,0,
0.0024614134,0.0019590452,0.0026767768,0.0025371981,0.0017120026,0.002449577,0.0028000239,0.0021522255,0.0023560228,0.0022334075,0.0,2025-05-05 14:13:07.766426,0,
0.002404722,0.0020395527,0.0026751936,0.0025526362,0.001718191,0.002447058,0.0028106556,0.0021246094,0.0023776127,0.002201439,0.0,2025-05-05 14:13:07.807074,0,
0.0024064984,0.0020316932,0.0026667954,0.002566882,0.0017358691,0.002479119,0.0028286297,0.0020821563,0.002380008,0.00220982,0.0,2025-05-05 14:13:07.849564,0,
0.0024055506,0.0020521646,0.0027331754,0.0025790152,0.0017648954,0.0025193233,0.002842099,0.0020262152,0.002367346,0.002231088,0.0,2025-05-05 14:13:07.890230,0,
0.0023476605,0.0020790338,0.0027154756,0.002559434,0.00177967,0.0024900087,0.0028260334,0.0020238603,0.0023732972,0.00225634,0.0,2025-05-05 14:13:07.953972,0,
0.002305028,0.0020727685,0.0026900708,0.0025506648,0.0017793656,0.0024838666,0.0028179951,0.0020427227,0.0023792735,0.0022499887,0.0,2025-05-05 14:13:07.994941,0,
0.0023003463,0.0021105465,0.0026451913,0.0025695513,0.0017869283,0.0024889717,0.002811364,0.002048177,0.0023965861,0.0022322133,0.0,2025-05-05 14:13:08.037129,0,
0.0021704827,0.002080613,0.002650928,0.002557795,0.0017576544,0.0024741967,0.002810968,0.0020403655,0.0023915109,0.0022167894,0.0,2025-05-05 14:13:08.078754,0,
0.0023367547,0.0020502708,0.002632347,0.00257548,0.0017487494,0.0024516531,0.0028012635,0.0020955994,0.0023637426,0.0022195154,0.0,2025-05-05 14:13:08.120319,0,
0.0022389905,0.0020021563,0.0026452125,0.0025767437,0.001773067,0.0024424659,0.0028189274,0.0021275857,0.002367334,0.0022252183,0.0,2025-05-05 14:13:08.162183,0,
0.002261613,0.001998945,0.0026443359,0.0026121528,0.0017570775,0.0024475085,0.002810413,0.0021289848,0.0023681063,0.002202354,0.0,2025-05-05 14:13:08.224540,0,
0.0022668126,0.0019866212,0.0026425866,0.002617766,0.0017948794,0.0024226515,0.0027954795,0.0021719853,0.002358778,0.0022325432,0.0,2025-05-05 14:13:08.265799,0,
0.002309355,0.0019704972,0.0026227182,0.0025956389,0.0017968497,0.0023995114,0.0027817613,0.0022173505,0.0023323067,0.0022333967,0.0,2025-05-05 14:13:08.307928,0,
0.0023459583,0.0019215071,0.002573346,0.0025808022,0.0018069195,0.0024080416,0.0027792023,0.0022444492,0.002333108,0.0022196686,0.0,2025-05-05 14:13:08.350001,0,
0.002308072,0.001910573,0.0026125046,0.002572477,0.0018333758,0.00241029,0.0027770288,0.0022522453,0.0023426607,0.0022228027,0.0,2025-05-05 14:13:08.391392,0,
0.002287403,0.0019034563,0.0026282545,0.0025732822,0.0018249179,0.0024241093,0.002789469,0.002273998,0.0023384285,0.0022157158,0.0,2025-05-05 14:13:08.453815,0,
0.0022448492,0.0019371491,0.0026368487,0.0025563717,0.0018139816,0.0024515279,0.0028012241,0.0023422313,0.002306795,0.0022274968,0.0,2025-05-05 14:13:08.495529,0,
0.002306191,0.0019542107,0.0026274174,0.0025828446,0.0018321006,0.0024912802,0.0028306064,0.0023027356,0.002354012,0.0022390985,0.0,2025-05-05 14:13:08.537382,0,
0.0022766525,0.001914337,0.002649771,0.0025474278,0.001830738,0.0024888527,0.0028381057,0.0022998154,0.0023480302,0.002230903,0.0,2025-05-05 14:13:08.577847,0,
0.0022918489,0.0019247985,0.0026686094,0.0025555787,0.0018241213,0.0024814964,0.0028210182,0.0022933276,0.0023659377,0.002223419,0.0,2025-05-05 14:13:08.619158,0,
0.0022047223,0.0019835294,0.0026493594,0.0025276418,0.0017911748,0.0024948814,0.0028255556,0.0022621804,0.0024171842,0.0022129114,0.0,2025-05-05 14:13:08.660725,0,
0.0022022184,0.0019973696,0.0026411442,0.002546572,0.0017985884,0.0025110606,0.0028377161,0.0022281122,0.0023890885,0.0022140737,0.0,2025-05-05 14:13:08.724729,0,
0.0022873736,0.0020085117,0.0026392345,0.0025474096,0.0017870209,0.002514797,0.0028317377,0.0021943094,0.002395653,0.0022049372,0.0,2025-05-05 14:13:08.766430,0,
0.0022902037,0.002015083,0.0026496386,0.0025459984,0.0017794762,0.0024968465,0.0028290732,0.0021913704,0.0024056674,0.0022077158,0.0,2025-05-05 14:13:08.806632,0,
0.0023085962,0.0019984506,0.002655917,0.0025594565,0.0017836303,0.0025043902,0.0028288623,0.0021828595,0.002400546,0.0022033553,0.0,2025-05-05 14:13:08.849781,0,
0.0022841292,0.0020272525,0.0026549725,0.002561247,0.0017956509,0.0024982844,0.0028416233,0.0022078527,0.0023886948,0.0022046855,0.0,2025-05-05 14:13:08.891234,0,
0.0023091163,0.0020256997,0.0026701973,0.00256773,0.0018024226,0.002495973,0.002819004,0.0022475007,0.0023641426,0.002197908,0.0,2025-05-05 14:13:08.932972,0,
0.0024072828,0.0020400067,0.0026503552,0.0025235987,0.0018069855,0.002480033,0.0028060076,0.0022587043,0.0023638762,0.002205791,0.0,2025-05-05 14:13:08.995532,0,
0.0023054478,0.0020234908,0.0026769086,0.0025661811,0.0018389574,0.0024676993,0.002813885,0.0022700478,0.002348356,0.0022144888,0.0,2025-05-05 14:13:09.037080,0,
0.0022910447,0.0020110859,0.0026795096,0.0025764324,0.0018177143,0.0024459474,0.0028140894,0.0022727617,0.0023640345,0.00220395,0.0,2025-05-05 14:13:09.077259,0,
0.0022929583,0.0020282916,0.002678785,0.002582435,0.0017731766,0.0024611244,0.002828511,0.0023025943,0.0023627246,0.0022278186,0.0,2025-05-05 14:13:09.120606,0,
0.0022544994,0.001988321,0.002690594,0.0026119442,0.0017401914,0.0024612097,0.0028494364,0.002319141,0.0023562764,0.002232884,0.0,2025-05-05 14:13:09.162162,0,
0.0022321376,0.0019643968,0.0027110646,0.0026022154,0.0017095071,0.0024472768,0.0028465898,0.0022954235,0.00236644,0.0022276808,0.0,2025-05-05 14:13:09.224644,0,
0.0022156402,0.0019715985,0.002694338,0.0025889913,0.0016953909,0.0024292765,0.0028536117,0.0022575788,0.0023736658,0.0022242963,0.0,2025-05-05 14:13:09.266879,0,
0.0022331746,0.0019783583,0.0026701333,0.0025933213,0.0016903211,0.0024588378,0.002852371,0.0022358038,0.00236288,0.0022287553,0.0,2025-05-05 14:13:09.308148,0,
0.0023199231,0.0019717722,0.0026756823,0.0025825198,0.0017010486,0.0024616602,0.0028391327,0.002221105,0.0023776325,0.002239381,0.0,2025-05-05 14:13:09.348499,0,
0.0023869989,0.0019628324,0.0026499867,0.0025795635,0.001708578,0.002459672,0.002836624,0.0022678194,0.0023870901,0.0022434932,0.0,2025-05-05 14:13:09.391400,0,
0.0023994062,0.001982359,0.0026572675,0.002591822,0.0017116551,0.0024697774,0.0028048065,0.0022698606,0.0023473604,0.0022287797,0.0,2025-05-05 14:13:09.433079,0,
0.0024577903,0.0019907572,0.0026551771,0.002600622,0.0017577962,0.0024634497,0.002810374,0.0022181475,0.0023683284,0.0022199154,0.0,2025-05-05 14:13:09.495727,0,
0.0024238762,0.0019996203,0.002679184,0.0025813996,0.0017732122,0.002467389,0.0028120629,0.002175226,0.0023528228,0.0022466911,0.0,2025-05-05 14:13:09.536157,0,
0.0024289624,0.0020515057,0.0026750118,0.0025723658,0.0017695279,0.0024445169,0.0028102936,0.0021847945,0.0023061978,0.002233156,0.0,2025-05-05 14:13:09.577201,0,
0.0023874822,0.002035833,0.0026205326,0.0025642044,0.0017668498,0.0024237037,0.002781971,0.0022410883,0.002320036,0.0022181463,0.0,2025-05-05 14:13:09.620753,0,
0.0023119152,0.0019992793,0.0026142204,0.0025436787,0.0017666307,0.0024360223,0.0027950488,0.002270649,0.002329694,0.0022203906,0.0,2025-05-05 14:13:09.662178,0,
0.0022905248,0.0019845255,0.0026391079,0.0025034326,0.0017744619,0.0024266283,0.0027783897,0.0022470981,0.002358405,0.0022072154,0.0,2025-05-05 14:13:09.703342,0,
0.0022792013,0.0019908512,0.0026618936,0.0025244784,0.001782289,0.0024334835,0.0027940087,0.0022703419,0.0023395268,0.002209245,0.0,2025-05-05 14:13:09.766530,0,
0.0023079924,0.0019649924,0.002646494,0.0025078706,0.0017780035,0.0024550501,0.002803254,0.0023150528,0.0023639426,0.0022116713,0.0,2025-05-05 14:13:09.807146,0,
0.0023162435,0.0019571218,0.0026426318,0.0024913733,0.0017647546,0.0024583277,0.002806889,0.0022894035,0.0023954492,0.0022097006,0.0,2025-05-05 14:13:09.849710,0,
0.002366168,0.0019597316,0.0026579539,0.00249118,0.0017733304,0.0024587647,0.002827155,0.0022812053,0.0023882526,0.002205477,0.0,2025-05-05 14:13:09.891194,0,
0.002404472,0.0019900205,0.002649946,0.0025008617,0.0017555723,0.0024474545,0.0028337582,0.0023121973,0.002401727,0.002214182,0.0,2025-05-05 14:13:09.932963,0,
0.0023363137,0.00198335,0.0026617206,0.0025090764,0.0017756857,0.0024557798,0.002826314,0.0023047782,0.0024128142,0.0021876644,0.0,2025-05-05 14:13:09.995755,0,
0.0023224487,0.0020521854,0.0026616745,0.0024882313,0.0017553389,0.0024563412,0.0028104575,0.002277878,0.0023765487,0.002189629,0.0,2025-05-05 14:13:10.036721,0,
0.0023464302,0.002076071,0.0026593471,0.002486004,0.0017244502,0.0024505944,0.0028293044,0.0023082646,0.002331313,0.0021833568,0.0,2025-05-05 14:13:10.078317,0,
0.0023119536,0.0020983303,0.002674813,0.0024969045,0.0017383092,0.0024273102,0.0028197556,0.0023767152,0.0023154446,0.0021691695,0.0,2025-05-05 14:13:10.120629,0,
0.0022893355,0.0021213307,0.0026657155,0.0025202327,0.0017228031,0.0024345578,0.002842638,0.002403185,0.0023366772,0.0021937003,0.0,2025-05-05 14:13:10.162540,0,
